/*--------------------------------*- C++ -*----------------------------------*\
  =========                 |
  \\      /  F ield         | OpenFOAM: The Open Source CFD Toolbox
   \\    /   O peration     | Website:  https://openfoam.org
    \\  /    A nd           | Version:  10
     \\/     M anipulation  |
\*---------------------------------------------------------------------------*/
FoamFile
{
    format      ascii;
    class       faceList;
    location    "constant/polyMesh";
    object      faces;
}
// * * * * * * * * * * * * * * * * * * * * * * * * * * * * * * * * * * * * * //


3055
(
4(416 801 807 422)
4(416 398 783 801)
4(398 422 807 783)
4(201 586 838 453)
4(201 63 169 586)
4(63 453 838 169)
4(221 220 605 606)
4(221 606 607 222)
4(220 222 607 605)
4(354 456 841 739)
4(250 635 841 456)
4(250 354 739 635)
4(324 371 756 709)
4(370 324 709 755)
4(370 755 756 371)
4(472 453 838 857)
4(472 857 873 488)
4(453 488 873 838)
4(351 253 638 736)
4(253 460 845 638)
4(351 736 845 460)
4(181 533 918 566)
4(465 181 566 850)
4(465 850 918 533)
4(298 299 684 683)
4(276 298 683 661)
4(276 661 684 299)
4(339 434 819 724)
4(216 339 724 601)
4(216 601 819 434)
4(212 56 115 597)
4(212 597 839 454)
4(56 454 839 115)
4(368 753 831 446)
4(349 446 831 734)
4(368 349 734 753)
4(271 656 807 422)
4(271 416 801 656)
4(299 684 685 300)
4(298 300 685 683)
4(191 576 862 477)
4(191 474 859 576)
4(474 477 862 859)
4(288 560 945 673)
4(367 288 673 752)
4(367 752 945 560)
4(198 432 817 583)
4(432 445 830 817)
4(198 583 830 445)
4(257 276 661 642)
4(259 257 642 644)
4(259 644 661 276)
4(339 451 836 724)
4(434 819 836 451)
4(218 220 605 603)
4(218 603 606 221)
4(442 338 723 827)
4(338 450 835 723)
4(442 827 835 450)
4(491 876 877 492)
4(491 372 757 876)
4(372 492 877 757)
4(268 653 794 409)
4(268 386 771 653)
4(386 409 794 771)
4(322 341 726 707)
4(341 342 727 726)
4(322 707 727 342)
4(253 638 926 541)
4(351 541 926 736)
4(389 205 590 774)
4(205 486 871 590)
4(389 774 871 486)
4(350 735 876 491)
4(319 491 876 704)
4(350 319 704 735)
4(319 324 709 704)
4(324 372 757 709)
4(319 704 757 372)
4(322 323 708 707)
4(323 341 726 708)
4(261 348 733 646)
4(261 646 897 512)
4(348 512 897 733)
4(341 478 863 726)
4(342 727 863 478)
4(308 693 907 522)
4(299 522 907 684)
4(308 299 684 693)
4(203 588 789 404)
4(203 387 772 588)
4(387 404 789 772)
4(404 441 826 789)
4(203 588 826 441)
4(276 297 682 661)
4(297 298 683 682)
4(209 594 876 491)
4(209 350 735 594)
4(387 772 799 414)
4(203 414 799 588)
4(209 59 118 594)
4(59 449 834 118)
4(209 594 834 449)
4(383 768 774 389)
4(383 205 590 768)
4(388 387 772 773)
4(388 773 799 414)
4(300 685 907 522)
4(300 379 764 685)
4(379 522 907 764)
4(226 268 653 611)
4(226 611 794 409)
4(306 691 907 522)
4(306 308 693 691)
4(223 222 607 608)
4(222 224 609 607)
4(223 608 609 224)
4(339 724 893 508)
4(216 508 893 601)
4(255 640 707 322)
4(321 322 707 706)
4(255 321 706 640)
4(456 841 842 457)
4(354 457 842 739)
4(221 606 608 223)
4(219 220 605 604)
4(218 219 604 603)
4(313 338 723 698)
4(311 696 723 338)
4(311 313 698 696)
4(412 797 805 420)
4(412 195 580 797)
4(195 420 805 580)
4(261 551 936 646)
4(348 733 936 551)
4(341 344 729 726)
4(341 726 853 468)
4(344 468 853 729)
4(412 797 925 540)
4(420 540 925 805)
4(226 224 609 611)
4(224 268 653 609)
4(324 406 791 709)
4(371 756 791 406)
4(215 218 603 600)
4(218 549 934 603)
4(215 600 934 549)
4(344 436 821 729)
4(436 480 865 821)
4(344 729 865 480)
4(222 607 640 255)
4(220 255 640 605)
4(384 769 810 425)
4(384 185 570 769)
4(185 425 810 570)
4(439 484 869 824)
4(264 439 824 649)
4(264 649 869 484)
4(376 202 587 761)
4(376 761 796 411)
4(202 411 796 587)
4(257 297 682 642)
4(191 468 853 576)
4(468 476 861 853)
4(191 576 861 476)
4(324 282 667 709)
4(324 709 904 519)
4(282 519 904 667)
4(211 208 593 596)
4(211 596 792 407)
4(208 407 792 593)
4(330 384 769 715)
4(330 715 810 425)
4(190 380 765 575)
4(18 190 575 123)
4(18 123 765 380)
4(468 853 862 477)
4(393 381 766 778)
4(393 778 921 536)
4(381 536 921 766)
4(322 523 908 707)
4(255 640 908 523)
4(364 749 854 469)
4(433 469 854 818)
4(364 433 818 749)
4(365 750 769 384)
4(20 384 769 125)
4(365 20 125 750)
4(319 282 667 704)
4(47 381 766 106)
4(47 106 778 393)
4(368 753 851 466)
4(446 466 851 831)
4(275 288 673 660)
4(275 660 944 559)
4(288 559 944 673)
4(480 865 866 481)
4(480 192 577 865)
4(192 481 866 577)
4(181 374 759 566)
4(374 533 918 759)
4(384 525 910 769)
4(365 750 910 525)
4(419 485 870 804)
4(254 639 870 485)
4(254 419 804 639)
4(322 343 728 707)
4(343 523 908 728)
4(57 211 596 116)
4(56 115 596 211)
4(393 778 811 426)
4(358 426 811 743)
4(393 358 743 778)
4(300 685 763 378)
4(300 303 688 685)
4(303 378 763 688)
4(338 723 916 531)
4(442 531 916 827)
4(378 379 764 763)
4(376 483 868 761)
4(202 587 868 483)
4(374 759 898 513)
4(181 513 898 566)
4(213 193 578 598)
4(193 215 600 578)
4(213 598 600 215)
4(432 817 831 446)
4(198 446 831 583)
4(257 532 917 642)
4(297 682 917 532)
4(275 560 945 660)
4(182 393 778 567)
4(182 567 811 426)
4(59 118 581 196)
4(60 196 581 119)
4(79 305 690 153)
4(7 13 690 305)
4(470 484 869 855)
4(439 470 855 824)
4(370 372 757 755)
4(217 218 603 602)
4(215 217 602 600)
4(190 506 891 575)
4(380 765 891 506)
4(78 403 788 154)
4(79 153 788 403)
4(204 438 823 589)
4(438 462 847 823)
4(204 589 847 462)
4(225 224 609 610)
4(225 610 611 226)
4(224 609 787 402)
4(222 402 787 607)
4(300 302 687 685)
4(302 303 688 687)
4(216 516 901 601)
4(516 556 941 901)
4(216 601 941 556)
4(261 382 767 646)
4(263 261 646 648)
4(263 648 767 382)
4(321 323 708 706)
4(275 263 648 660)
4(263 560 945 648)
4(338 723 759 374)
4(313 374 759 698)
4(416 388 773 801)
4(416 801 948 563)
4(388 563 948 773)
4(50 193 578 109)
4(50 109 598 213)
4(227 250 635 612)
4(227 612 841 456)
4(58 117 594 209)
4(311 696 758 373)
4(338 373 758 723)
4(210 595 876 491)
4(210 209 594 595)
4(253 467 852 638)
4(460 845 852 467)
4(270 655 660 275)
4(270 263 648 655)
4(386 771 885 500)
4(268 500 885 653)
4(419 340 725 804)
4(340 485 870 725)
4(349 432 817 734)
4(352 342 727 737)
4(352 737 902 517)
4(342 517 902 727)
4(362 252 637 747)
4(252 528 913 637)
4(362 747 913 528)
4(314 307 692 699)
4(307 542 927 692)
4(314 699 927 542)
4(196 449 834 581)
4(362 502 887 747)
4(252 637 887 502)
4(234 257 642 619)
4(238 623 642 257)
4(238 234 619 623)
4(258 257 642 643)
4(258 643 644 259)
4(347 732 920 535)
4(347 204 589 732)
4(204 535 920 589)
4(388 773 919 534)
4(416 534 919 801)
4(385 770 854 469)
4(385 364 749 770)
4(303 688 696 311)
4(303 310 695 688)
4(310 311 696 695)
4(343 342 727 728)
4(343 728 737 352)
4(445 830 848 463)
4(432 463 848 817)
4(201 586 857 472)
4(338 513 898 723)
4(450 835 898 513)
4(51 193 578 110)
4(204 55 114 589)
4(55 438 823 114)
4(222 607 908 523)
4(196 581 768 383)
4(60 383 768 119)
4(556 214 599 941)
4(556 941 947 562)
4(214 562 947 599)
4(19 190 575 124)
4(217 193 578 602)
4(217 602 800 415)
4(193 415 800 578)
4(48 107 574 189)
4(49 189 574 108)
4(379 764 924 539)
4(378 539 924 763)
4(220 605 705 320)
4(219 320 705 604)
4(19 365 750 124)
4(190 575 750 365)
4(188 540 925 573)
4(464 188 573 849)
4(464 849 925 540)
4(323 344 729 708)
4(396 781 785 400)
4(398 400 785 783)
4(396 398 783 781)
4(502 363 748 887)
4(363 521 906 748)
4(502 887 906 521)
4(223 608 610 225)
4(234 532 917 619)
4(17 380 765 122)
4(205 17 122 590)
4(205 590 765 380)
4(187 572 784 399)
4(43 399 784 102)
4(187 43 102 572)
4(362 363 748 747)
4(299 684 814 429)
4(308 429 814 693)
4(259 644 936 551)
4(276 551 936 661)
4(382 767 897 512)
4(48 107 766 381)
4(189 381 766 574)
4(56 115 823 438)
4(212 438 823 597)
4(415 564 949 800)
4(479 415 800 864)
4(479 864 949 564)
4(311 312 697 696)
4(312 313 698 697)
4(182 394 779 567)
4(45 182 567 104)
4(45 104 779 394)
4(399 784 785 400)
4(399 396 781 784)
4(182 395 780 567)
4(394 779 780 395)
4(434 516 901 819)
4(404 207 592 789)
4(207 441 826 592)
4(217 219 604 602)
4(345 730 894 509)
4(476 509 894 861)
4(345 476 861 730)
4(311 696 939 554)
4(373 554 939 758)
4(250 510 895 635)
4(354 739 895 510)
4(21 185 570 126)
4(21 126 769 384)
4(186 385 770 571)
4(186 571 854 469)
4(212 436 821 597)
4(435 820 821 436)
4(435 212 597 820)
4(350 196 581 735)
4(196 518 903 581)
4(350 735 903 518)
4(187 572 785 400)
4(281 666 944 559)
4(281 275 660 666)
4(303 688 939 554)
4(183 403 788 568)
4(78 183 568 154)
4(341 477 862 726)
4(477 478 863 862)
4(54 113 589 204)
4(375 760 918 533)
4(375 361 746 760)
4(361 533 918 746)
4(70 390 775 162)
4(4 14 775 390)
4(282 281 666 667)
4(282 667 944 559)
4(57 116 593 208)
4(58 208 593 117)
4(22 185 570 127)
4(49 108 598 213)
4(298 302 687 683)
4(433 23 128 818)
4(23 469 854 128)
4(44 399 784 103)
4(415 52 111 800)
4(52 564 949 111)
4(49 108 947 562)
4(213 562 947 598)
4(189 574 947 562)
4(259 261 646 644)
4(260 259 644 645)
4(260 645 646 261)
4(250 226 611 635)
4(250 635 794 409)
4(16 121 590 205)
4(347 217 602 732)
4(347 732 800 415)
4(0 10 905 520)
4(16 520 905 121)
4(210 595 877 492)
4(516 214 599 901)
4(305 690 788 403)
4(46 182 567 105)
4(185 424 809 570)
4(424 425 810 809)
4(196 581 774 389)
4(268 653 787 402)
4(446 831 832 447)
4(198 447 832 583)
4(207 592 798 413)
4(404 413 798 789)
4(376 761 888 503)
4(411 503 888 796)
4(376 377 762 761)
4(377 483 868 762)
4(213 598 941 556)
4(215 556 941 600)
4(481 866 894 509)
4(481 345 730 866)
4(219 347 732 604)
4(219 604 920 535)
4(372 757 775 390)
4(370 390 775 755)
4(349 314 699 734)
4(314 432 817 699)
4(468 509 894 853)
4(188 412 797 573)
4(46 393 778 105)
4(44 103 779 394)
4(183 542 927 568)
4(403 788 927 542)
4(206 591 868 483)
4(440 483 868 825)
4(206 440 825 591)
4(51 415 800 110)
4(424 809 818 433)
4(185 433 818 570)
4(400 416 801 785)
4(400 785 948 563)
4(232 456 841 617)
4(232 617 842 457)
4(238 623 643 258)
4(295 282 667 680)
4(295 680 704 319)
4(395 780 811 426)
4(331 332 717 716)
4(329 714 717 332)
4(329 331 716 714)
4(350 449 834 735)
4(270 655 666 281)
4(394 399 784 779)
4(480 865 894 509)
4(276 429 814 661)
4(429 551 936 814)
4(297 507 892 682)
4(298 683 892 507)
4(396 395 780 781)
4(396 781 782 397)
4(395 397 782 780)
4(394 779 781 396)
4(332 419 804 717)
4(419 470 855 804)
4(332 717 855 470)
4(61 120 905 520)
4(227 226 611 612)
4(328 543 928 713)
4(525 910 928 543)
4(525 328 713 910)
4(262 261 646 647)
4(262 647 648 263)
4(186 25 130 571)
4(25 408 793 130)
4(186 571 793 408)
4(436 821 839 454)
4(333 718 725 340)
4(333 335 720 718)
4(335 340 725 720)
4(229 232 617 614)
4(231 616 617 232)
4(231 229 614 616)
4(327 712 824 439)
4(329 439 824 714)
4(327 329 714 712)
4(24 129 571 186)
4(279 664 670 285)
4(265 285 670 650)
4(279 265 650 664)
4(302 310 695 687)
4(201 473 858 586)
4(473 511 896 858)
4(201 586 896 511)
4(61 383 768 120)
4(26 131 793 408)
4(26 194 579 131)
4(194 408 793 579)
4(206 591 930 545)
4(483 545 930 868)
4(344 435 820 729)
4(279 664 802 417)
4(285 417 802 670)
4(28 133 795 410)
4(28 206 591 133)
4(206 410 795 591)
4(27 194 579 132)
4(27 410 795 132)
4(194 579 795 410)
4(188 34 139 573)
4(34 412 797 139)
4(202 32 137 587)
4(32 411 796 137)
4(33 188 573 138)
4(33 138 796 411)
4(188 411 796 573)
4(35 140 797 412)
4(35 195 580 140)
4(31 136 587 202)
4(195 36 141 580)
4(36 413 798 141)
4(195 580 798 413)
4(42 187 572 101)
4(42 101 799 414)
4(187 414 799 572)
4(29 206 591 134)
4(41 414 799 100)
4(203 41 100 588)
4(37 142 798 413)
4(37 207 592 142)
4(40 99 588 203)
4(38 207 592 143)
4(200 498 883 585)
4(497 882 883 498)
4(497 200 585 882)
4(333 718 804 419)
4(405 242 627 790)
4(405 790 870 485)
4(242 485 870 627)
4(53 112 912 527)
4(54 527 912 113)
4(265 428 813 650)
4(285 670 813 428)
4(366 212 597 751)
4(366 751 820 435)
4(287 387 772 672)
4(287 672 773 388)
4(376 290 675 761)
4(290 377 762 675)
4(253 638 816 431)
4(241 431 816 626)
4(253 241 626 638)
4(247 632 807 422)
4(249 422 807 634)
4(247 249 634 632)
4(397 398 783 782)
4(246 631 813 428)
4(246 252 637 631)
4(252 428 813 637)
4(229 456 841 614)
4(392 199 584 777)
4(199 499 884 584)
4(392 777 884 499)
4(385 770 929 544)
4(186 544 929 571)
4(267 247 632 652)
4(267 652 807 422)
4(431 467 852 816)
4(332 717 718 333)
4(331 333 718 716)
4(364 424 809 749)
4(229 227 612 614)
4(280 289 674 665)
4(266 280 665 651)
4(266 651 674 289)
4(387 291 676 772)
4(291 404 789 676)
4(287 291 676 672)
4(290 318 703 675)
4(289 290 675 674)
4(289 674 703 318)
4(318 703 761 376)
4(286 287 672 671)
4(272 286 671 657)
4(272 657 672 287)
4(373 758 916 531)
4(422 807 923 538)
4(398 538 923 783)
4(249 256 641 634)
4(256 271 656 641)
4(249 634 656 271)
4(272 657 659 274)
4(272 256 641 657)
4(256 274 659 641)
4(292 279 664 677)
4(292 677 802 417)
4(280 290 675 665)
4(286 291 676 671)
4(286 274 659 671)
4(286 671 678 293)
4(274 293 678 659)
4(280 279 664 665)
4(280 665 677 292)
4(290 418 803 675)
4(377 762 803 418)
4(395 427 812 780)
4(397 782 812 427)
4(473 858 878 493)
4(473 407 792 858)
4(407 493 878 792)
4(266 279 664 651)
4(406 791 904 519)
4(248 633 813 428)
4(248 246 631 633)
4(389 296 681 774)
4(389 774 903 518)
4(296 518 903 681)
4(251 636 650 265)
4(251 248 633 636)
4(248 265 650 633)
4(249 251 636 634)
4(251 256 641 636)
4(536 547 932 921)
4(356 741 932 547)
4(356 536 921 741)
4(266 265 650 651)
4(339 494 879 724)
4(451 836 879 494)
4(414 563 948 799)
4(251 636 651 266)
4(309 694 699 314)
4(309 307 692 694)
4(368 406 791 753)
4(288 673 791 406)
4(288 368 753 673)
4(315 314 699 700)
4(315 700 734 349)
4(280 418 803 665)
4(439 557 942 824)
4(327 712 942 557)
4(374 375 760 759)
4(271 656 657 272)
4(188 573 888 503)
4(464 503 888 849)
4(292 418 803 677)
4(310 312 697 695)
4(307 692 788 403)
4(307 305 690 692)
4(283 434 819 668)
4(283 668 836 451)
4(249 248 633 634)
4(452 837 873 488)
4(452 472 857 837)
4(506 891 938 553)
4(190 553 938 575)
4(493 878 883 498)
4(492 498 883 877)
4(493 492 877 878)
4(278 663 712 327)
4(326 327 712 711)
4(278 326 711 663)
4(286 671 805 420)
4(293 420 805 678)
4(291 676 805 420)
4(266 651 806 421)
4(289 421 806 674)
4(382 560 945 767)
4(31 440 825 136)
4(30 135 825 440)
4(256 421 806 641)
4(274 659 806 421)
4(330 525 910 715)
4(40 441 826 99)
4(39 98 826 441)
4(346 731 745 360)
4(346 6 12 731)
4(6 360 745 12)
4(22 433 818 127)
4(251 421 806 636)
4(221 508 893 606)
4(218 603 893 508)
4(243 431 816 628)
4(241 243 628 626)
4(245 630 652 267)
4(245 247 632 630)
4(336 721 809 424)
4(336 334 719 721)
4(334 424 809 719)
4(244 252 637 629)
4(246 244 629 631)
4(247 248 633 632)
4(244 629 790 405)
4(244 242 627 629)
4(327 471 856 712)
4(278 663 856 471)
4(402 787 908 523)
4(245 423 808 630)
4(243 245 630 628)
4(243 628 808 423)
4(473 858 883 498)
4(421 806 815 430)
4(289 430 815 674)
4(24 129 854 469)
4(472 857 858 473)
4(472 407 792 857)
4(479 864 912 527)
4(479 53 112 864)
4(340 405 790 725)
4(274 659 815 430)
4(332 439 824 717)
4(446 831 840 455)
4(447 455 840 832)
4(281 666 680 295)
4(252 637 790 405)
4(380 486 871 765)
4(496 498 883 881)
4(200 496 881 585)
4(237 254 639 622)
4(240 237 622 625)
4(240 625 639 254)
4(258 643 645 260)
4(223 339 724 608)
4(221 606 724 339)
4(327 328 713 712)
4(328 329 714 713)
4(239 241 626 624)
4(239 624 638 253)
4(467 852 890 505)
4(431 505 890 816)
4(267 423 808 652)
4(363 336 721 748)
4(363 748 749 364)
4(336 364 749 721)
4(336 362 747 721)
4(335 336 721 720)
4(335 720 747 362)
4(318 430 815 703)
4(426 811 812 427)
4(426 359 744 811)
4(359 427 812 744)
4(183 463 848 568)
4(463 542 927 848)
4(454 459 844 839)
4(436 821 844 459)
4(247 246 631 632)
4(58 555 940 117)
4(208 593 940 555)
4(334 335 720 719)
4(333 334 719 718)
4(343 728 935 550)
4(352 550 935 737)
4(284 669 845 460)
4(284 351 736 669)
4(401 786 851 466)
4(401 368 753 786)
4(192 577 867 482)
4(480 482 867 865)
4(363 748 770 385)
4(225 610 612 227)
4(293 678 815 430)
4(330 331 716 715)
4(329 330 715 714)
4(455 466 851 840)
4(404 526 911 789)
4(413 798 911 526)
4(358 743 744 359)
4(358 357 742 743)
4(357 359 744 742)
4(408 475 860 793)
4(186 571 860 475)
4(419 514 899 804)
4(470 855 899 514)
4(245 246 631 630)
4(233 232 617 618)
4(233 618 619 234)
4(232 234 619 617)
4(385 521 906 770)
4(245 244 629 630)
4(202 440 825 587)
4(438 366 751 823)
4(366 462 847 751)
4(331 334 719 716)
4(326 328 713 711)
4(260 645 647 262)
4(232 617 917 532)
4(457 532 917 842)
4(365 543 928 750)
4(190 575 928 543)
4(381 766 932 547)
4(189 547 932 574)
4(243 244 629 628)
4(331 716 810 425)
4(356 741 742 357)
4(356 317 702 741)
4(317 357 742 702)
4(317 284 669 702)
4(317 702 845 460)
4(334 425 810 719)
4(423 431 816 808)
4(243 242 627 628)
4(255 320 705 640)
4(320 321 706 705)
4(428 813 887 502)
4(241 242 627 626)
4(204 589 912 527)
4(347 527 912 732)
4(454 452 837 839)
4(452 459 844 837)
4(187 563 948 572)
4(269 263 648 654)
4(269 654 655 270)
4(5 15 873 488)
4(487 488 873 872)
4(5 487 872 15)
4(328 330 715 713)
4(283 316 701 668)
4(316 434 819 701)
4(184 401 786 569)
4(184 569 851 466)
4(389 548 933 774)
4(296 681 933 548)
4(318 703 888 503)
4(262 647 654 269)
4(70 199 584 162)
4(199 390 775 584)
4(340 528 913 725)
4(405 790 913 528)
4(368 537 922 753)
4(349 734 922 537)
4(241 240 625 626)
4(240 242 627 625)
4(356 741 743 358)
4(521 906 929 544)
4(304 522 907 689)
4(379 304 689 764)
4(288 673 922 537)
4(367 537 922 752)
4(237 461 846 622)
4(254 639 846 461)
4(235 234 619 620)
4(235 620 623 238)
4(1 11 914 529)
4(30 529 914 135)
4(29 134 914 529)
4(312 386 771 697)
4(313 698 771 386)
4(2 8 915 530)
4(39 530 915 98)
4(38 143 915 530)
4(239 240 625 624)
4(287 672 919 534)
4(325 277 662 710)
4(277 337 722 662)
4(325 710 722 337)
4(335 528 913 720)
4(231 616 618 233)
4(402 787 935 550)
4(402 343 728 787)
4(82 150 565 180)
4(81 180 565 151)
4(239 237 622 624)
4(82 443 828 150)
4(83 149 828 443)
4(83 197 582 149)
4(84 148 582 197)
4(77 183 568 155)
4(317 355 740 702)
4(316 317 702 701)
4(316 701 740 355)
4(77 155 830 445)
4(76 445 830 156)
4(86 181 566 146)
4(87 145 566 181)
4(401 786 833 448)
4(184 448 833 569)
4(76 156 583 198)
4(75 198 583 157)
4(273 351 736 658)
4(284 273 658 669)
4(271 534 919 656)
4(291 526 911 676)
4(408 793 875 490)
4(194 490 875 579)
4(230 615 668 283)
4(230 273 658 615)
4(273 283 668 658)
4(239 624 926 541)
4(86 146 835 450)
4(85 450 835 147)
4(205 590 905 520)
4(383 520 905 768)
4(355 740 741 356)
4(73 159 569 184)
4(72 184 569 160)
4(272 534 919 657)
4(337 486 871 722)
4(486 506 891 871)
4(337 722 891 506)
4(475 860 875 490)
4(390 391 776 775)
4(372 757 776 391)
4(84 442 827 148)
4(85 147 827 442)
4(236 237 622 621)
4(236 621 624 239)
4(313 375 760 698)
4(357 460 845 742)
4(357 742 852 467)
4(358 743 921 536)
4(378 554 939 763)
4(444 378 763 829)
4(444 829 939 554)
4(278 325 710 663)
4(325 326 711 710)
4(316 284 669 701)
4(236 235 620 621)
4(235 237 622 620)
4(262 264 649 647)
4(260 645 649 264)
4(326 543 928 711)
4(81 151 843 458)
4(80 458 843 152)
4(277 278 663 662)
4(269 277 662 654)
4(269 654 663 278)
4(73 455 840 159)
4(74 158 840 455)
4(230 451 836 615)
4(228 230 615 613)
4(228 613 836 451)
4(285 502 887 670)
4(285 670 906 521)
4(238 623 679 294)
4(258 294 679 643)
4(233 235 620 618)
4(233 618 621 236)
4(293 540 925 678)
4(283 284 669 668)
4(430 815 849 464)
4(318 464 849 703)
4(292 677 860 475)
4(417 475 860 802)
4(268 653 935 550)
4(359 744 852 467)
4(473 496 881 858)
4(496 511 896 881)
4(347 732 864 479)
4(87 465 850 145)
4(88 144 850 465)
4(75 157 832 447)
4(74 447 832 158)
4(209 555 940 594)
4(270 277 662 655)
4(294 484 869 679)
4(470 294 679 855)
4(240 485 870 625)
4(361 746 946 561)
4(375 561 946 760)
4(293 678 849 464)
4(401 406 791 786)
4(72 160 833 448)
4(71 448 833 161)
4(7 301 686 13)
4(80 152 686 301)
4(436 489 874 821)
4(482 436 821 867)
4(482 867 874 489)
4(410 795 930 545)
4(292 677 875 490)
4(230 231 616 615)
4(231 273 658 616)
4(194 579 886 501)
4(410 501 886 795)
4(312 409 794 697)
4(273 495 880 658)
4(351 736 880 495)
4(238 461 846 623)
4(235 620 846 461)
4(360 478 863 745)
4(346 731 863 478)
4(459 487 872 844)
4(459 844 874 489)
4(487 489 874 872)
4(359 744 890 505)
4(457 507 892 842)
4(297 457 842 682)
4(354 507 892 739)
4(294 461 846 679)
4(369 401 786 754)
4(369 754 833 448)
4(288 673 904 519)
4(230 229 614 615)
4(418 803 875 490)
4(210 555 940 595)
4(304 306 691 689)
4(453 5 15 838)
4(459 488 873 844)
4(88 353 738 144)
4(6 12 738 353)
4(355 516 901 740)
4(316 701 901 516)
4(418 501 886 803)
4(377 762 886 501)
4(392 777 883 498)
4(392 497 882 777)
4(295 680 903 518)
4(295 350 735 680)
4(277 515 900 662)
4(337 722 900 515)
4(71 161 754 369)
4(4 369 754 14)
4(490 875 886 501)
4(183 445 830 568)
4(355 740 932 547)
4(309 694 700 315)
4(211 452 837 596)
4(211 596 839 454)
4(254 639 899 514)
4(461 514 899 846)
4(228 613 614 229)
4(228 227 612 613)
4(505 423 808 890)
4(505 890 909 524)
4(423 524 909 808)
4(475 544 929 860)
4(315 700 752 367)
4(349 367 752 734)
4(180 443 828 565)
4(197 582 828 443)
4(444 552 937 829)
4(378 763 937 552)
4(486 871 933 548)
4(337 548 933 722)
4(391 199 584 776)
4(391 776 777 392)
4(296 295 680 681)
4(310 695 739 354)
4(302 354 739 687)
4(225 610 613 228)
4(223 494 879 608)
4(195 580 911 526)
4(427 812 890 505)
4(294 514 899 679)
4(228 613 879 494)
4(89 179 731 346)
4(181 566 835 450)
4(197 442 827 582)
4(89 474 859 179)
4(90 178 859 474)
4(264 557 942 649)
4(471 856 942 557)
4(269 654 856 471)
4(420 805 911 526)
4(90 191 576 178)
4(91 177 576 191)
4(180 565 843 458)
4(417 802 906 521)
4(375 760 771 386)
4(7 304 689 13)
4(301 686 689 304)
4(91 476 861 177)
4(92 176 861 476)
4(262 471 856 647)
4(264 649 856 471)
4(260 645 869 484)
4(312 510 895 697)
4(409 794 895 510)
4(92 345 730 176)
4(93 175 730 345)
4(231 495 880 616)
4(360 517 902 745)
4(478 863 902 517)
4(440 529 914 825)
4(441 530 915 826)
4(258 484 869 643)
4(184 455 840 569)
4(233 495 880 618)
4(524 267 652 909)
4(267 538 923 652)
4(524 909 923 538)
4(304 689 690 305)
4(210 493 878 595)
4(493 555 940 878)
4(320 705 920 535)
4(236 495 880 621)
4(371 401 786 756)
4(369 371 756 754)
4(407 452 837 792)
4(225 494 879 610)
4(323 708 751 366)
4(321 366 751 706)
4(323 435 820 708)
4(281 666 681 296)
4(281 515 900 666)
4(270 655 900 515)
4(492 392 777 877)
4(325 710 891 506)
4(206 591 914 529)
4(516 901 943 558)
4(355 558 943 740)
4(207 592 915 530)
4(310 510 895 695)
4(96 437 822 172)
4(97 171 822 437)
4(427 812 909 524)
4(462 535 920 847)
4(546 931 939 554)
4(546 444 829 931)
4(495 541 926 880)
4(482 867 889 504)
4(482 437 822 867)
4(437 504 889 822)
4(397 538 923 782)
4(397 524 909 782)
4(301 458 843 686)
4(417 802 929 544)
4(3 564 949 9)
4(53 564 949 112)
4(68 164 882 497)
4(67 497 882 165)
4(308 348 733 693)
4(348 429 814 733)
4(68 499 884 164)
4(69 163 884 499)
4(93 481 866 175)
4(94 174 866 481)
4(67 165 585 200)
4(66 200 585 166)
4(69 199 584 163)
4(308 693 694 309)
4(308 307 692 693)
4(443 828 829 444)
4(180 444 829 565)
4(96 172 889 504)
4(95 504 889 173)
4(306 691 692 307)
4(306 305 690 691)
4(314 463 848 699)
4(301 686 764 379)
4(208 493 878 593)
4(353 465 850 738)
4(353 738 918 533)
4(321 706 847 462)
4(320 462 847 705)
4(375 760 885 500)
4(66 166 881 496)
4(65 496 881 167)
4(236 541 926 621)
4(315 700 767 382)
4(367 382 767 752)
4(296 515 900 681)
4(192 577 889 504)
4(360 353 738 745)
4(353 361 746 738)
4(360 745 746 361)
4(515 548 933 900)
4(94 192 577 174)
4(95 173 577 192)
4(214 599 943 558)
4(302 687 892 507)
4(309 348 733 694)
4(97 487 872 171)
4(4 370 755 14)
4(369 754 755 370)
4(65 167 896 511)
4(64 511 896 168)
4(373 546 931 758)
4(325 710 938 553)
4(519 559 944 904)
4(64 168 586 201)
4(477 346 731 862)
4(361 517 902 746)
4(517 902 946 561)
4(508 549 934 893)
4(391 776 877 492)
4(500 561 946 885)
4(62 170 838 453)
4(326 711 938 553)
4(346 474 859 731)
4(197 531 916 582)
4(352 737 946 561)
4(377 545 930 762)
4(501 545 930 886)
4(309 694 897 512)
4(315 512 897 700)
4(443 546 931 828)
4(197 582 931 546)
4(437 822 874 489)
4(344 729 894 509)
4(558 562 947 943)
4(180 565 937 552)
4(458 552 937 843)
4(500 352 737 885)
4(301 539 924 686)
4(458 843 924 539)
4(549 216 601 934)
4(549 934 941 556)
4(497 499 884 882)
4(531 916 931 546)
4(437 487 872 822)
4(500 550 935 885)
4(558 189 574 943)
4(543 928 938 553)
4(539 552 937 924)
4(547 558 943 932)
3(416 422 398)
3(201 453 63)
3(221 222 220)
3(250 456 354)
3(370 371 324)
3(472 488 453)
3(351 460 253)
3(465 533 181)
3(276 299 298)
3(216 434 339)
3(212 454 56)
3(368 446 349)
3(271 422 416)
3(299 300 298)
3(191 477 474)
3(367 560 288)
3(198 445 432)
3(259 276 257)
3(434 451 339)
3(218 221 220)
3(442 450 338)
3(491 492 372)
3(268 409 386)
3(322 342 341)
3(253 541 351)
3(389 486 205)
3(350 491 319)
3(319 372 324)
3(322 341 323)
3(261 512 348)
3(342 478 341)
3(308 522 299)
3(203 404 387)
3(203 441 404)
3(276 298 297)
3(209 491 350)
3(387 414 203)
3(209 449 59)
3(383 389 205)
3(388 414 387)
3(300 522 379)
3(226 409 268)
3(306 522 308)
3(223 224 222)
3(339 508 216)
3(255 322 321)
3(456 457 354)
3(221 223 222)
3(218 220 219)
3(311 338 313)
3(412 420 195)
3(348 551 261)
3(341 468 344)
3(412 540 420)
3(226 268 224)
3(371 406 324)
3(215 549 218)
3(344 480 436)
3(222 255 220)
3(384 425 185)
3(264 484 439)
3(376 411 202)
3(276 297 257)
3(191 476 468)
3(324 519 282)
3(211 407 208)
3(330 425 384)
3(18 380 190)
3(299 522 300)
3(468 477 191)
3(393 536 381)
3(255 523 322)
3(364 469 433)
3(365 384 20)
3(319 324 282)
3(47 393 381)
3(368 466 446)
3(275 559 288)
3(480 481 192)
3(181 533 374)
3(365 525 384)
3(254 485 419)
3(322 523 343)
3(56 211 57)
3(393 426 358)
3(300 378 303)
3(338 531 442)
3(300 379 378)
3(202 483 376)
3(374 513 181)
3(213 215 193)
3(432 446 198)
3(297 532 257)
3(288 560 275)
3(182 426 393)
3(59 196 60)
3(7 305 79)
3(439 484 470)
3(324 372 370)
3(215 218 217)
3(380 506 190)
3(79 403 78)
3(204 462 438)
3(225 226 224)
3(224 402 222)
3(300 303 302)
3(216 556 516)
3(263 382 261)
3(322 323 321)
3(275 560 263)
3(338 374 313)
3(416 563 388)
3(50 213 193)
3(227 456 250)
3(58 209 59)
3(311 373 338)
3(210 491 209)
3(460 467 253)
3(270 275 263)
3(386 500 268)
3(419 485 340)
3(349 446 432)
3(352 517 342)
3(362 528 252)
3(314 542 307)
3(59 449 196)
3(252 502 362)
3(238 257 234)
3(258 259 257)
3(347 535 204)
3(388 534 416)
3(385 469 364)
3(303 311 310)
3(343 352 342)
3(445 463 432)
3(201 472 453)
3(450 513 338)
3(50 193 51)
3(204 438 55)
3(222 523 255)
3(196 383 60)
3(556 562 214)
3(18 190 19)
3(217 415 193)
3(48 189 49)
3(379 539 378)
3(220 320 219)
3(190 365 19)
3(464 540 188)
3(341 344 323)
3(396 400 398)
3(502 521 363)
3(223 225 224)
3(257 532 234)
3(205 380 17)
3(187 399 43)
3(362 502 363)
3(299 429 308)
3(259 551 276)
3(382 512 261)
3(48 381 189)
3(56 438 212)
3(479 564 415)
3(311 313 312)
3(45 394 182)
3(399 400 396)
3(394 395 182)
3(216 516 434)
3(404 441 207)
3(218 219 217)
3(345 509 476)
3(311 554 373)
3(354 510 250)
3(21 384 185)
3(186 469 385)
3(435 436 212)
3(350 518 196)
3(187 400 399)
3(281 559 275)
3(303 554 311)
3(78 403 183)
3(341 478 477)
3(54 204 55)
3(375 533 361)
3(4 390 70)
3(282 559 281)
3(57 208 58)
3(21 185 22)
3(49 213 50)
3(300 302 298)
3(433 469 23)
3(43 399 44)
3(415 564 52)
3(17 380 18)
3(49 562 213)
3(189 562 49)
3(260 261 259)
3(250 409 226)
3(16 205 17)
3(215 217 193)
3(347 415 217)
3(0 520 16)
3(210 492 491)
3(516 556 214)
3(305 403 79)
3(45 182 46)
3(185 425 424)
3(196 389 383)
3(268 402 224)
3(446 447 198)
3(57 211 208)
3(207 413 404)
3(376 503 411)
3(376 483 377)
3(213 556 215)
3(481 509 345)
3(219 535 347)
3(372 390 370)
3(349 432 314)
3(476 509 468)
3(188 540 412)
3(20 384 21)
3(182 393 46)
3(44 394 45)
3(319 491 372)
3(403 542 183)
3(213 562 556)
3(206 483 440)
3(19 365 20)
3(193 415 51)
3(322 343 342)
3(424 433 185)
3(400 563 416)
3(232 457 456)
3(261 551 259)
3(238 258 257)
3(47 381 48)
3(295 319 282)
3(55 438 56)
3(395 426 182)
3(329 332 331)
3(196 449 350)
3(270 281 275)
3(44 399 394)
3(400 416 398)
3(46 393 47)
3(480 509 481)
3(276 551 429)
3(298 507 297)
3(396 397 395)
3(394 396 395)
3(332 470 419)
3(61 520 0)
3(227 250 226)
3(525 543 328)
3(262 263 261)
3(186 408 25)
3(436 454 212)
3(338 513 374)
3(333 340 335)
3(231 232 229)
3(276 429 299)
3(327 439 329)
3(24 186 25)
3(279 285 265)
3(303 310 302)
3(201 511 473)
3(60 383 61)
3(26 408 194)
3(206 545 483)
3(344 436 435)
3(279 417 285)
3(25 408 26)
3(28 410 206)
3(26 194 27)
3(194 410 27)
3(188 412 34)
3(202 411 32)
3(33 411 188)
3(33 188 34)
3(35 412 195)
3(31 202 32)
3(195 413 36)
3(34 412 35)
3(42 414 187)
3(32 411 33)
3(27 410 28)
3(35 195 36)
3(42 187 43)
3(28 206 29)
3(203 414 41)
3(37 413 207)
3(36 413 37)
3(41 414 42)
3(40 203 41)
3(37 207 38)
3(497 498 200)
3(333 419 340)
3(405 485 242)
3(53 527 54)
3(285 428 265)
3(366 435 212)
3(287 388 387)
3(376 377 290)
3(253 431 241)
3(247 422 249)
3(396 398 397)
3(246 428 252)
3(232 456 229)
3(392 499 199)
3(385 544 186)
3(267 422 247)
3(253 467 431)
3(332 333 331)
3(364 433 424)
3(229 456 227)
3(266 289 280)
3(387 404 291)
3(287 387 291)
3(289 318 290)
3(318 376 290)
3(272 287 286)
3(373 531 338)
3(422 538 398)
3(51 415 52)
3(249 271 256)
3(272 274 256)
3(292 417 279)
3(289 290 280)
3(287 291 286)
3(286 293 274)
3(280 292 279)
3(377 418 290)
3(397 427 395)
3(473 493 407)
3(266 280 279)
3(332 419 333)
3(406 519 324)
3(248 428 246)
3(389 518 296)
3(251 265 248)
3(249 256 251)
3(356 547 536)
3(266 279 265)
3(451 494 339)
3(272 286 274)
3(388 563 414)
3(251 266 265)
3(309 314 307)
3(288 406 368)
3(315 349 314)
3(290 418 280)
3(327 557 439)
3(374 533 375)
3(271 272 256)
3(188 503 464)
3(280 418 292)
3(311 312 310)
3(307 403 305)
3(283 451 434)
3(249 251 248)
3(452 488 472)
3(506 553 190)
3(493 498 492)
3(278 327 326)
3(286 420 293)
3(291 420 286)
3(266 421 289)
3(263 560 382)
3(30 440 31)
3(274 421 256)
3(384 525 330)
3(39 441 40)
3(346 360 6)
3(394 399 396)
3(185 433 22)
3(22 433 23)
3(256 421 251)
3(251 421 266)
3(218 508 221)
3(241 431 243)
3(245 267 247)
3(249 422 271)
3(336 424 334)
3(246 252 244)
3(247 249 248)
3(244 405 242)
3(278 471 327)
3(402 523 222)
3(243 423 245)
3(473 498 493)
3(421 430 289)
3(24 469 186)
3(472 473 407)
3(479 527 53)
3(340 485 405)
3(274 430 421)
3(329 439 332)
3(446 455 447)
3(281 295 282)
3(252 405 244)
3(205 486 380)
3(200 498 496)
3(240 254 237)
3(258 260 259)
3(221 339 223)
3(327 329 328)
3(239 253 241)
3(467 505 431)
3(245 423 267)
3(363 364 336)
3(335 362 336)
3(265 428 248)
3(289 430 318)
3(426 427 359)
3(183 542 463)
3(436 459 454)
3(247 248 246)
3(208 555 58)
3(333 335 334)
3(343 550 352)
3(362 363 336)
3(284 460 351)
3(401 466 368)
3(192 482 480)
3(363 385 364)
3(225 227 226)
3(293 430 274)
3(329 331 330)
3(446 466 455)
3(413 526 404)
3(358 359 357)
3(364 424 336)
3(186 475 408)
3(470 514 419)
3(245 247 246)
3(233 234 232)
3(395 427 426)
3(335 336 334)
3(350 449 209)
3(363 521 385)
3(245 246 244)
3(31 440 202)
3(40 441 203)
3(438 462 366)
3(358 426 359)
3(333 334 331)
3(327 328 326)
3(260 262 261)
3(232 532 457)
3(190 543 365)
3(381 547 189)
3(243 245 244)
3(331 425 330)
3(356 357 317)
3(317 460 284)
3(424 425 334)
3(243 431 423)
3(243 244 242)
3(255 321 320)
3(428 502 252)
3(241 243 242)
3(204 527 347)
3(454 459 452)
3(414 563 187)
3(269 270 263)
3(5 488 487)
3(329 330 328)
3(283 434 316)
3(184 466 401)
3(296 548 389)
3(334 425 331)
3(318 503 376)
3(262 269 263)
3(70 390 199)
3(405 528 340)
3(349 537 368)
3(241 242 240)
3(356 358 357)
3(521 544 385)
3(379 522 304)
3(288 537 367)
3(254 461 237)
3(235 238 234)
3(1 529 30)
3(29 529 1)
3(313 386 312)
3(2 530 39)
3(38 530 2)
3(239 241 240)
3(287 534 388)
3(325 337 277)
3(340 528 335)
3(196 518 389)
3(231 233 232)
3(402 550 343)
3(82 180 81)
3(239 240 237)
3(83 443 82)
3(84 197 83)
3(78 183 77)
3(316 355 317)
3(77 445 76)
3(87 181 86)
3(401 448 184)
3(76 198 75)
3(284 351 273)
3(416 534 271)
3(404 526 291)
3(408 490 194)
3(230 283 273)
3(239 541 253)
3(86 450 85)
3(205 520 383)
3(355 356 317)
3(73 184 72)
3(271 534 272)
3(201 473 472)
3(212 438 366)
3(337 506 486)
3(475 490 408)
3(372 391 390)
3(85 442 84)
3(236 239 237)
3(374 375 313)
3(357 467 460)
3(358 536 393)
3(444 554 378)
3(536 547 381)
3(278 326 325)
3(316 317 284)
3(378 554 303)
3(236 237 235)
3(260 264 262)
3(328 543 326)
3(23 469 24)
3(81 458 80)
3(269 278 277)
3(16 520 205)
3(74 455 73)
3(228 451 230)
3(285 521 502)
3(238 294 258)
3(357 460 317)
3(219 347 217)
3(233 236 235)
3(255 320 220)
3(420 540 293)
3(283 316 284)
3(233 235 234)
3(278 325 277)
3(430 464 318)
3(292 475 417)
3(365 543 525)
3(268 550 402)
3(359 467 357)
3(473 511 496)
3(347 479 415)
3(88 465 87)
3(75 447 74)
3(252 528 405)
3(58 555 209)
3(269 277 270)
3(470 484 294)
3(242 485 240)
3(361 561 375)
3(293 464 430)
3(368 406 401)
3(72 448 71)
3(80 301 7)
3(54 527 204)
3(482 489 436)
3(230 451 283)
3(410 545 206)
3(292 490 475)
3(230 273 231)
3(194 501 410)
3(386 409 312)
3(351 495 273)
3(235 461 238)
3(346 478 360)
3(459 489 487)
3(359 505 467)
3(297 507 457)
3(457 507 354)
3(238 461 294)
3(369 448 401)
3(288 519 406)
3(285 502 428)
3(283 284 273)
3(237 461 235)
3(230 231 229)
3(418 490 292)
3(209 555 210)
3(234 532 232)
3(304 522 306)
3(341 477 468)
3(383 520 61)
3(307 542 403)
3(453 488 5)
3(487 488 459)
3(6 353 88)
3(316 516 355)
3(377 501 418)
3(392 498 497)
3(295 518 350)
3(337 515 277)
3(440 483 202)
3(71 369 4)
3(240 485 254)
3(490 501 194)
3(183 463 445)
3(355 547 356)
3(411 503 188)
3(309 315 314)
3(211 454 452)
3(254 514 461)
3(419 514 254)
3(439 470 332)
3(418 501 490)
3(228 229 227)
3(505 524 423)
3(228 230 229)
3(186 544 475)
3(431 505 423)
3(315 367 349)
3(82 443 180)
3(197 443 83)
3(378 552 444)
3(486 548 337)
3(391 392 199)
3(296 518 295)
3(295 350 319)
3(310 354 302)
3(225 228 227)
3(339 494 223)
3(183 445 77)
3(195 526 413)
3(76 445 198)
3(427 505 359)
3(461 514 294)
3(459 488 452)
3(228 494 451)
3(89 346 6)
3(181 450 86)
3(84 442 197)
3(90 474 89)
3(439 557 264)
3(471 557 327)
3(269 471 278)
3(368 537 288)
3(420 526 195)
3(91 191 90)
3(180 458 81)
3(85 450 442)
3(417 521 285)
3(436 489 459)
3(375 386 313)
3(301 304 7)
3(92 476 91)
3(496 498 473)
3(264 471 262)
3(262 471 269)
3(260 484 264)
3(409 510 312)
3(93 345 92)
3(273 495 231)
3(478 517 360)
3(30 529 440)
3(39 530 441)
3(294 484 258)
3(73 455 184)
3(231 495 233)
3(524 538 267)
3(304 305 7)
3(210 555 493)
3(320 535 219)
3(233 495 236)
3(369 401 371)
3(486 506 380)
3(211 452 407)
3(87 465 181)
3(223 494 225)
3(323 366 321)
3(344 435 323)
3(198 447 75)
3(258 484 260)
3(281 296 295)
3(270 515 281)
3(492 498 392)
3(325 506 337)
3(206 529 29)
3(516 558 355)
3(207 530 38)
3(184 448 72)
3(312 510 310)
3(97 437 96)
3(427 524 505)
3(423 524 267)
3(204 535 462)
3(294 514 470)
3(267 538 422)
3(187 563 400)
3(546 554 444)
3(447 455 74)
3(351 541 495)
3(482 504 437)
3(272 534 287)
3(335 528 362)
3(389 548 486)
3(398 538 397)
3(397 538 524)
3(464 503 318)
3(80 458 301)
3(417 544 521)
3(452 472 407)
3(52 564 3)
3(221 508 339)
3(3 564 53)
3(68 497 67)
3(308 429 348)
3(291 526 420)
3(69 499 68)
3(94 481 93)
3(67 200 66)
3(70 199 69)
3(308 309 307)
3(250 510 409)
3(443 444 180)
3(343 523 402)
3(96 504 95)
3(397 524 427)
3(306 307 305)
3(432 463 314)
3(440 529 206)
3(441 530 207)
3(301 379 304)
3(407 493 208)
3(353 533 465)
3(321 462 320)
3(210 493 492)
3(375 500 386)
3(66 496 65)
3(495 541 236)
3(315 382 367)
3(281 515 296)
3(353 465 88)
3(192 504 482)
3(225 494 228)
3(330 525 328)
3(360 361 353)
3(277 515 270)
3(434 516 316)
3(6 360 353)
3(337 548 515)
3(95 192 94)
3(71 448 369)
3(214 558 516)
3(323 435 366)
3(302 507 298)
3(308 348 309)
3(401 406 371)
3(5 487 97)
3(369 370 4)
3(181 513 450)
3(65 511 64)
3(457 532 297)
3(306 308 307)
3(373 554 546)
3(455 466 184)
3(310 510 354)
3(325 553 506)
3(236 541 239)
3(361 533 353)
3(356 536 358)
3(288 559 519)
3(480 482 436)
3(367 537 349)
3(390 391 199)
3(64 201 63)
3(477 478 346)
3(370 390 4)
3(366 462 321)
3(515 548 296)
3(360 517 361)
3(347 527 479)
3(517 561 361)
3(304 306 305)
3(218 549 508)
3(293 540 464)
3(391 492 392)
3(375 561 500)
3(354 507 302)
3(62 453 5)
3(475 544 417)
3(326 553 325)
3(89 474 346)
3(442 531 197)
3(191 474 90)
3(352 561 517)
3(483 545 377)
3(377 545 501)
3(493 555 208)
3(369 371 370)
3(91 476 191)
3(501 545 410)
3(309 512 315)
3(345 476 92)
3(197 546 443)
3(474 477 346)
3(437 489 482)
3(344 509 480)
3(214 562 558)
3(342 517 478)
3(443 546 444)
3(180 552 458)
3(348 512 309)
3(500 561 352)
3(93 481 345)
3(315 512 382)
3(444 552 180)
3(458 539 301)
3(429 551 348)
3(301 539 379)
3(468 509 344)
3(53 564 479)
3(549 556 216)
3(264 557 471)
3(437 504 96)
3(68 499 497)
3(67 497 200)
3(199 499 69)
3(462 535 320)
3(531 546 197)
3(508 549 216)
3(200 496 66)
3(97 487 437)
3(192 481 94)
3(352 550 500)
3(463 542 314)
3(95 504 192)
3(382 560 367)
3(558 562 189)
3(543 553 326)
3(496 511 65)
3(500 550 268)
3(458 552 539)
3(190 553 543)
3(519 559 282)
3(355 558 547)
3(487 489 437)
3(64 511 201)
3(497 499 392)
3(547 558 189)
3(215 556 549)
3(373 546 531)
3(539 552 378)
3(56 454 211)
3(63 453 62)
3(372 492 391)
3(801 783 807)
3(586 169 838)
3(606 605 607)
3(635 739 841)
3(755 709 756)
3(857 838 873)
3(736 638 845)
3(850 566 918)
3(661 683 684)
3(601 724 819)
3(597 115 839)
3(753 734 831)
3(656 801 807)
3(684 683 685)
3(576 859 862)
3(752 673 945)
3(583 817 830)
3(644 642 661)
3(819 724 836)
3(603 605 606)
3(827 723 835)
3(876 757 877)
3(653 771 794)
3(707 726 727)
3(638 736 926)
3(774 590 871)
3(735 704 876)
3(704 709 757)
3(707 708 726)
3(646 733 897)
3(727 726 863)
3(693 684 907)
3(588 772 789)
3(588 789 826)
3(661 682 683)
3(594 735 876)
3(772 588 799)
3(594 118 834)
3(768 590 774)
3(773 772 799)
3(685 764 907)
3(611 653 794)
3(691 693 907)
3(608 607 609)
3(724 601 893)
3(640 706 707)
3(841 739 842)
3(606 607 608)
3(603 604 605)
3(696 698 723)
3(797 580 805)
3(733 646 936)
3(726 729 853)
3(797 805 925)
3(611 609 653)
3(756 709 791)
3(600 603 934)
3(729 821 865)
3(607 605 640)
3(769 570 810)
3(649 824 869)
3(761 587 796)
3(661 642 682)
3(576 853 861)
3(709 667 904)
3(596 593 792)
3(715 769 810)
3(123 575 765)
3(684 685 907)
3(853 576 862)
3(778 766 921)
3(640 707 908)
3(749 818 854)
3(750 125 769)
3(704 667 709)
3(106 766 778)
3(753 831 851)
3(660 673 944)
3(865 577 866)
3(566 759 918)
3(750 769 910)
3(639 804 870)
3(707 728 908)
3(115 116 596)
3(778 743 811)
3(685 688 763)
3(723 827 916)
3(685 763 764)
3(587 761 868)
3(759 566 898)
3(598 578 600)
3(817 583 831)
3(682 642 917)
3(673 660 945)
3(567 778 811)
3(118 119 581)
3(13 153 690)
3(824 855 869)
3(709 755 757)
3(600 602 603)
3(765 575 891)
3(153 154 788)
3(589 823 847)
3(610 609 611)
3(609 607 787)
3(685 687 688)
3(601 901 941)
3(648 646 767)
3(707 706 708)
3(660 648 945)
3(723 698 759)
3(801 773 948)
3(109 578 598)
3(612 635 841)
3(117 118 594)
3(696 723 758)
3(595 594 876)
3(845 638 852)
3(655 648 660)
3(771 653 885)
3(804 725 870)
3(734 817 831)
3(737 727 902)
3(747 637 913)
3(699 692 927)
3(118 581 834)
3(637 747 887)
3(623 619 642)
3(643 642 644)
3(732 589 920)
3(773 801 919)
3(770 749 854)
3(688 695 696)
3(728 727 737)
3(830 817 848)
3(586 838 857)
3(835 723 898)
3(109 110 578)
3(589 114 823)
3(607 640 908)
3(581 119 768)
3(941 599 947)
3(123 124 575)
3(602 578 800)
3(107 108 574)
3(764 763 924)
3(605 604 705)
3(575 124 750)
3(849 573 925)
3(726 708 729)
3(781 783 785)
3(887 748 906)
3(608 609 610)
3(642 619 917)
3(590 122 765)
3(572 102 784)
3(747 748 887)
3(684 693 814)
3(644 661 936)
3(767 646 897)
3(107 574 766)
3(115 597 823)
3(864 800 949)
3(696 697 698)
3(104 567 779)
3(784 781 785)
3(779 567 780)
3(601 819 901)
3(789 592 826)
3(603 602 604)
3(730 861 894)
3(696 758 939)
3(739 635 895)
3(126 570 769)
3(571 770 854)
3(820 597 821)
3(735 581 903)
3(572 784 785)
3(666 660 944)
3(688 696 939)
3(154 568 788)
3(726 862 863)
3(113 114 589)
3(760 746 918)
3(14 162 775)
3(667 666 944)
3(116 117 593)
3(126 127 570)
3(108 109 598)
3(685 683 687)
3(818 128 854)
3(102 103 784)
3(800 111 949)
3(122 123 765)
3(108 598 947)
3(574 108 947)
3(645 644 646)
3(635 611 794)
3(121 122 590)
3(600 578 602)
3(732 602 800)
3(10 121 905)
3(595 876 877)
3(901 599 941)
3(690 153 788)
3(104 105 567)
3(570 809 810)
3(581 768 774)
3(653 609 787)
3(831 583 832)
3(116 593 596)
3(592 789 798)
3(761 796 888)
3(761 762 868)
3(598 600 941)
3(866 730 894)
3(604 732 920)
3(757 755 775)
3(734 699 817)
3(861 853 894)
3(573 797 925)
3(125 126 769)
3(567 105 778)
3(103 104 779)
3(704 757 876)
3(788 568 927)
3(598 941 947)
3(591 825 868)
3(124 125 750)
3(578 110 800)
3(707 727 728)
3(809 570 818)
3(785 801 948)
3(617 841 842)
3(646 644 936)
3(623 642 643)
3(106 107 766)
3(680 667 704)
3(114 115 823)
3(780 567 811)
3(714 716 717)
3(581 735 834)
3(655 660 666)
3(103 779 784)
3(785 783 801)
3(105 106 778)
3(865 866 894)
3(661 814 936)
3(683 682 892)
3(781 780 782)
3(779 780 781)
3(717 804 855)
3(120 10 905)
3(612 611 635)
3(910 713 928)
3(647 646 648)
3(571 130 793)
3(821 597 839)
3(723 759 898)
3(718 720 725)
3(616 614 617)
3(661 684 814)
3(712 714 824)
3(129 130 571)
3(664 650 670)
3(688 687 695)
3(586 858 896)
3(119 120 768)
3(131 579 793)
3(591 868 930)
3(729 820 821)
3(664 670 802)
3(130 131 793)
3(133 591 795)
3(131 132 579)
3(579 132 795)
3(573 139 797)
3(587 137 796)
3(138 573 796)
3(138 139 573)
3(140 580 797)
3(136 137 587)
3(580 141 798)
3(139 140 797)
3(101 572 799)
3(137 138 796)
3(132 133 795)
3(140 141 580)
3(101 102 572)
3(133 134 591)
3(588 100 799)
3(142 592 798)
3(141 142 798)
3(100 101 799)
3(99 100 588)
3(142 143 592)
3(882 585 883)
3(718 725 804)
3(790 627 870)
3(112 113 912)
3(670 650 813)
3(751 597 820)
3(672 772 773)
3(761 675 762)
3(638 626 816)
3(632 634 807)
3(781 782 783)
3(631 637 813)
3(617 614 841)
3(777 584 884)
3(770 571 929)
3(652 632 807)
3(638 816 852)
3(717 716 718)
3(749 809 818)
3(614 612 841)
3(651 665 674)
3(772 676 789)
3(672 676 772)
3(674 675 703)
3(703 675 761)
3(657 671 672)
3(758 723 916)
3(807 783 923)
3(110 111 800)
3(634 641 656)
3(657 641 659)
3(677 664 802)
3(674 665 675)
3(672 671 676)
3(671 659 678)
3(665 664 677)
3(762 675 803)
3(782 780 812)
3(858 792 878)
3(651 664 665)
3(717 718 804)
3(791 709 904)
3(633 631 813)
3(774 681 903)
3(636 633 650)
3(634 636 641)
3(741 921 932)
3(651 650 664)
3(836 724 879)
3(657 659 671)
3(773 799 948)
3(636 650 651)
3(694 692 699)
3(673 753 791)
3(700 699 734)
3(675 665 803)
3(712 824 942)
3(759 760 918)
3(656 641 657)
3(573 849 888)
3(665 677 803)
3(696 695 697)
3(692 690 788)
3(668 819 836)
3(634 633 636)
3(837 857 873)
3(891 575 938)
3(878 877 883)
3(663 711 712)
3(671 678 805)
3(676 671 805)
3(651 674 806)
3(648 767 945)
3(135 136 825)
3(659 641 806)
3(769 715 910)
3(98 99 826)
3(731 12 745)
3(779 781 784)
3(570 127 818)
3(127 128 818)
3(641 636 806)
3(636 651 806)
3(603 606 893)
3(626 628 816)
3(630 632 652)
3(634 656 807)
3(721 719 809)
3(631 629 637)
3(632 633 634)
3(629 627 790)
3(663 712 856)
3(787 607 908)
3(628 630 808)
3(858 878 883)
3(806 674 815)
3(129 571 854)
3(857 792 858)
3(864 112 912)
3(725 790 870)
3(659 806 815)
3(714 717 824)
3(831 832 840)
3(666 667 680)
3(637 629 790)
3(590 765 871)
3(585 881 883)
3(625 622 639)
3(643 644 645)
3(606 608 724)
3(712 713 714)
3(624 626 638)
3(852 816 890)
3(630 652 808)
3(748 721 749)
3(720 721 747)
3(650 633 813)
3(674 703 815)
3(811 744 812)
3(568 848 927)
3(821 839 844)
3(632 631 633)
3(593 117 940)
3(718 719 720)
3(728 737 935)
3(747 721 748)
3(669 736 845)
3(786 753 851)
3(577 865 867)
3(748 749 770)
3(610 611 612)
3(678 659 815)
3(714 715 716)
3(831 840 851)
3(798 789 911)
3(743 742 744)
3(749 721 809)
3(571 793 860)
3(855 804 899)
3(630 631 632)
3(618 617 619)
3(780 811 812)
3(720 719 721)
3(735 594 834)
3(748 770 906)
3(630 629 631)
3(136 587 825)
3(99 588 826)
3(823 751 847)
3(743 744 811)
3(718 716 719)
3(712 711 713)
3(645 646 647)
3(617 842 917)
3(575 750 928)
3(766 574 932)
3(628 629 630)
3(716 715 810)
3(741 702 742)
3(702 669 845)
3(809 719 810)
3(628 808 816)
3(628 627 629)
3(640 705 706)
3(813 637 887)
3(626 627 628)
3(589 732 912)
3(839 837 844)
3(799 572 948)
3(654 648 655)
3(15 872 873)
3(714 713 715)
3(668 701 819)
3(569 786 851)
3(681 774 933)
3(719 716 810)
3(703 761 888)
3(647 648 654)
3(162 584 775)
3(790 725 913)
3(734 753 922)
3(626 625 627)
3(741 742 743)
3(906 770 929)
3(764 689 907)
3(673 752 922)
3(639 622 846)
3(620 619 623)
3(11 135 914)
3(134 11 914)
3(698 697 771)
3(8 98 915)
3(143 8 915)
3(624 625 626)
3(672 773 919)
3(710 662 722)
3(725 720 913)
3(581 774 903)
3(616 617 618)
3(787 728 935)
3(150 151 565)
3(624 622 625)
3(149 150 828)
3(148 149 582)
3(154 155 568)
3(701 702 740)
3(155 156 830)
3(145 146 566)
3(786 569 833)
3(156 157 583)
3(669 658 736)
3(801 656 919)
3(789 676 911)
3(793 579 875)
3(615 658 668)
3(624 638 926)
3(146 147 835)
3(590 768 905)
3(740 702 741)
3(159 160 569)
3(656 657 919)
3(586 857 858)
3(597 751 823)
3(722 871 891)
3(860 793 875)
3(757 775 776)
3(147 148 827)
3(621 622 624)
3(759 698 760)
3(742 845 852)
3(743 778 921)
3(829 763 939)
3(921 766 932)
3(663 710 711)
3(701 669 702)
3(763 688 939)
3(621 620 622)
3(645 647 649)
3(713 711 928)
3(128 129 854)
3(151 152 843)
3(654 662 663)
3(121 590 905)
3(158 159 840)
3(613 615 836)
3(670 887 906)
3(623 643 679)
3(742 702 845)
3(604 602 732)
3(618 620 621)
3(640 605 705)
3(805 678 925)
3(668 669 701)
3(618 619 620)
3(663 662 710)
3(815 703 849)
3(677 802 860)
3(750 910 928)
3(653 787 935)
3(744 742 852)
3(858 881 896)
3(732 800 864)
3(144 145 850)
3(157 158 832)
3(637 790 913)
3(117 594 940)
3(654 655 662)
3(855 679 869)
3(627 625 870)
3(746 760 946)
3(678 815 849)
3(753 786 791)
3(160 161 833)
3(152 13 686)
3(113 589 912)
3(867 821 874)
3(615 668 836)
3(795 591 930)
3(677 860 875)
3(615 616 658)
3(579 795 886)
3(771 697 794)
3(736 658 880)
3(620 623 846)
3(731 745 863)
3(844 872 874)
3(744 852 890)
3(682 842 892)
3(842 739 892)
3(623 679 846)
3(754 786 833)
3(673 791 904)
3(670 813 887)
3(668 658 669)
3(622 620 846)
3(615 614 616)
3(803 677 875)
3(594 595 940)
3(619 617 917)
3(689 691 907)
3(726 853 862)
3(768 120 905)
3(692 788 927)
3(838 15 873)
3(872 844 873)
3(12 144 738)
3(701 740 901)
3(762 803 886)
3(777 882 883)
3(680 735 903)
3(722 662 900)
3(825 587 868)
3(161 14 754)
3(625 639 870)
3(875 579 886)
3(568 830 848)
3(740 741 932)
3(796 573 888)
3(694 699 700)
3(596 837 839)
3(639 846 899)
3(804 639 899)
3(824 717 855)
3(803 875 886)
3(613 612 614)
3(890 808 909)
3(613 614 615)
3(571 860 929)
3(816 808 890)
3(700 734 752)
3(150 565 828)
3(582 149 828)
3(763 829 937)
3(871 722 933)
3(776 584 777)
3(681 680 903)
3(680 704 735)
3(695 687 739)
3(610 612 613)
3(724 608 879)
3(568 155 830)
3(580 798 911)
3(156 583 830)
3(812 744 890)
3(846 679 899)
3(844 837 873)
3(613 836 879)
3(179 12 731)
3(566 146 835)
3(148 582 827)
3(178 179 859)
3(824 649 942)
3(856 712 942)
3(654 663 856)
3(753 673 922)
3(805 580 911)
3(177 178 576)
3(565 151 843)
3(147 827 835)
3(802 670 906)
3(821 844 874)
3(760 698 771)
3(686 13 689)
3(176 177 861)
3(881 858 883)
3(649 647 856)
3(647 654 856)
3(645 649 869)
3(794 697 895)
3(175 176 730)
3(658 616 880)
3(863 745 902)
3(135 825 914)
3(98 826 915)
3(679 643 869)
3(159 569 840)
3(616 618 880)
3(909 652 923)
3(689 13 690)
3(595 878 940)
3(705 604 920)
3(618 621 880)
3(754 756 786)
3(871 765 891)
3(596 792 837)
3(145 566 850)
3(608 610 879)
3(708 706 751)
3(729 708 820)
3(583 157 832)
3(643 645 869)
3(666 680 681)
3(655 666 900)
3(877 777 883)
3(710 722 891)
3(591 134 914)
3(901 740 943)
3(592 143 915)
3(569 160 833)
3(697 695 895)
3(171 172 822)
3(812 890 909)
3(808 652 909)
3(589 847 920)
3(679 855 899)
3(652 807 923)
3(572 785 948)
3(931 829 939)
3(832 158 840)
3(736 880 926)
3(867 822 889)
3(657 672 919)
3(720 747 913)
3(774 871 933)
3(783 782 923)
3(782 909 923)
3(849 703 888)
3(152 686 843)
3(802 906 929)
3(837 792 857)
3(111 9 949)
3(606 724 893)
3(9 112 949)
3(164 165 882)
3(693 733 814)
3(676 805 911)
3(163 164 884)
3(174 175 866)
3(165 166 585)
3(162 163 584)
3(693 692 694)
3(635 794 895)
3(828 565 829)
3(728 787 908)
3(172 173 889)
3(782 812 909)
3(691 690 692)
3(817 699 848)
3(825 591 914)
3(826 592 915)
3(686 689 764)
3(792 593 878)
3(738 850 918)
3(706 705 847)
3(595 877 878)
3(760 771 885)
3(166 167 881)
3(880 621 926)
3(700 752 767)
3(666 681 900)
3(738 144 850)
3(577 867 889)
3(610 613 879)
3(715 713 910)
3(745 738 746)
3(662 655 900)
3(819 701 901)
3(12 738 745)
3(722 900 933)
3(173 174 577)
3(161 754 833)
3(599 901 943)
3(708 751 820)
3(687 683 892)
3(693 694 733)
3(786 756 791)
3(15 171 872)
3(754 14 755)
3(566 835 898)
3(167 168 896)
3(842 682 917)
3(691 692 693)
3(758 931 939)
3(840 569 851)
3(695 739 895)
3(710 891 938)
3(621 624 926)
3(746 738 918)
3(741 743 921)
3(673 904 944)
3(865 821 867)
3(752 734 922)
3(775 584 776)
3(168 169 586)
3(862 731 863)
3(755 14 775)
3(751 706 847)
3(900 681 933)
3(745 746 902)
3(732 864 912)
3(902 746 946)
3(689 690 691)
3(603 893 934)
3(678 849 925)
3(776 777 877)
3(760 885 946)
3(739 687 892)
3(170 15 838)
3(860 802 929)
3(711 710 938)
3(179 731 859)
3(827 582 916)
3(576 178 859)
3(737 902 946)
3(868 762 930)
3(762 886 930)
3(878 593 940)
3(754 755 756)
3(177 576 861)
3(886 795 930)
3(694 700 897)
3(730 176 861)
3(582 828 931)
3(859 731 862)
3(822 867 874)
3(729 865 894)
3(599 943 947)
3(727 863 902)
3(828 829 931)
3(565 843 937)
3(733 694 897)
3(885 737 946)
3(175 730 866)
3(700 767 897)
3(829 565 937)
3(843 686 924)
3(814 733 936)
3(686 764 924)
3(853 729 894)
3(112 864 949)
3(934 601 941)
3(649 856 942)
3(822 172 889)
3(164 882 884)
3(165 585 882)
3(584 163 884)
3(847 705 920)
3(916 582 931)
3(893 601 934)
3(585 166 881)
3(171 822 872)
3(577 174 866)
3(737 885 935)
3(848 699 927)
3(173 577 889)
3(767 752 945)
3(943 574 947)
3(928 711 938)
3(881 167 896)
3(885 653 935)
3(843 924 937)
3(575 928 938)
3(904 667 944)
3(740 932 943)
3(872 822 874)
3(168 586 896)
3(882 777 884)
3(932 574 943)
3(600 934 941)
3(758 916 931)
3(924 763 937)
3(115 596 839)
3(169 170 838)
3(757 776 877)
4(50 51 110 109)
4(48 49 108 107)
4(49 50 109 108)
4(43 44 103 102)
4(45 46 105 104)
4(44 45 104 103)
4(47 48 107 106)
4(46 47 106 105)
4(42 43 102 101)
4(41 42 101 100)
4(40 41 100 99)
4(51 52 111 110)
4(39 40 99 98)
4(2 39 98 8)
4(52 3 9 111)
4(56 57 116 115)
4(59 60 119 118)
4(58 59 118 117)
4(54 55 114 113)
4(57 58 117 116)
4(55 56 115 114)
4(61 0 10 120)
4(60 61 120 119)
4(53 54 113 112)
4(3 53 112 9)
4(18 19 124 123)
4(21 22 127 126)
4(17 18 123 122)
4(16 17 122 121)
4(0 16 121 10)
4(20 21 126 125)
4(19 20 125 124)
4(24 25 130 129)
4(25 26 131 130)
4(26 27 132 131)
4(27 28 133 132)
4(28 29 134 133)
4(22 23 128 127)
4(29 1 11 134)
4(23 24 129 128)
4(33 34 139 138)
4(31 32 137 136)
4(34 35 140 139)
4(32 33 138 137)
4(35 36 141 140)
4(36 37 142 141)
4(37 38 143 142)
4(30 31 136 135)
4(1 30 135 11)
4(38 2 8 143)
4(7 79 153 13)
4(79 78 154 153)
4(4 70 162 14)
4(82 81 151 150)
4(83 82 150 149)
4(84 83 149 148)
4(78 77 155 154)
4(77 76 156 155)
4(87 86 146 145)
4(76 75 157 156)
4(86 85 147 146)
4(73 72 160 159)
4(85 84 148 147)
4(81 80 152 151)
4(74 73 159 158)
4(88 87 145 144)
4(75 74 158 157)
4(72 71 161 160)
4(80 7 13 152)
4(6 88 144 12)
4(71 4 14 161)
4(89 6 12 179)
4(90 89 179 178)
4(91 90 178 177)
4(92 91 177 176)
4(93 92 176 175)
4(97 96 172 171)
4(68 67 165 164)
4(69 68 164 163)
4(94 93 175 174)
4(67 66 166 165)
4(70 69 163 162)
4(96 95 173 172)
4(66 65 167 166)
4(95 94 174 173)
4(5 97 171 15)
4(65 64 168 167)
4(64 63 169 168)
4(62 5 15 170)
4(63 62 170 169)
)


// ************************************************************************* //
