/*--------------------------------*- C++ -*----------------------------------*\
  =========                 |
  \\      /  F ield         | OpenFOAM: The Open Source CFD Toolbox
   \\    /   O peration     | Website:  https://openfoam.org
    \\  /    A nd           | Version:  10
     \\/     M anipulation  |
\*---------------------------------------------------------------------------*/
FoamFile
{
    format      ascii;
    class       labelList;
    note        "nPoints:950  nCells:860  nFaces:3055  nInternalFaces:1245";
    location    "constant/polyMesh";
    object      neighbour;
}
// * * * * * * * * * * * * * * * * * * * * * * * * * * * * * * * * * * * * * //


1245
(
12
244
323
135
779
858
19
47
58
46
113
172
55
98
803
135
361
599
24
117
422
79
681
738
13
34
261
18
44
167
161
257
857
76
121
476
382
507
68
189
69
798
809
93
481
841
91
134
638
62
128
158
344
359
48
379
86
136
654
202
224
859
41
119
577
28
30
230
511
705
38
401
709
35
224
632
74
98
224
108
149
51
159
816
181
813
42
68
157
33
36
317
168
443
62
248
116
439
39
290
114
125
439
207
513
302
346
68
87
480
54
197
595
767
47
104
152
717
834
71
108
459
233
584
405
146
169
110
115
163
53
280
651
234
822
149
596
824
220
547
103
208
337
761
99
788
854
270
776
811
139
546
66
173
206
97
647
663
88
212
277
92
69
219
804
74
337
848
210
680
737
371
453
100
142
193
596
75
526
528
82
139
131
190
314
80
221
228
237
236
245
423
429
93
178
775
246
424
837
89
353
371
553
120
609
617
230
729
210
857
94
445
526
87
105
531
322
797
145
213
607
258
764
112
199
214
121
209
153
766
109
222
239
125
140
204
674
563
618
217
169
199
362
679
180
204
138
444
699
152
426
208
388
189
265
167
203
826
159
255
368
683
118
368
258
524
130
232
346
137
188
253
315
561
171
322
202
593
312
525
242
465
741
845
297
395
218
133
799
813
126
560
708
348
598
839
241
156
460
153
235
483
235
404
216
462
699
490
507
174
425
179
265
357
230
420
611
733
517
258
764
229
182
238
388
207
267
203
226
812
147
199
200
229
160
195
823
856
546
676
228
450
220
355
789
684
165
244
306
156
440
541
682
594
193
198
401
177
191
288
421
261
720
234
247
819
236
451
238
518
192
557
825
357
486
166
205
223
177
374
239
250
752
211
735
544
215
219
807
179
768
727
770
187
221
310
392
257
270
301
241
493
605
702
185
242
531
225
500
596
780
570
353
565
773
474
781
399
848
210
418
375
194
759
376
535
243
324
716
195
226
842
234
404
448
253
727
538
544
557
252
538
740
757
358
222
231
456
493
554
398
685
291
430
472
613
303
800
226
854
246
818
544
676
521
781
350
733
824
276
245
243
415
598
269
607
734
324
314
375
244
702
308
449
542
399
632
437
313
397
428
439
688
374
811
261
822
583
759
250
306
333
374
336
434
618
597
426
534
553
749
448
473
263
272
433
416
297
419
492
308
494
591
352
397
406
392
271
300
343
633
517
556
851
597
272
274
509
573
800
684
327
655
286
289
573
275
286
576
279
283
281
285
279
285
613
283
287
442
287
292
637
288
293
464
691
293
294
292
295
443
693
402
604
830
336
386
395
564
394
570
412
588
518
758
318
490
320
332
312
380
407
311
382
385
710
338
384
460
315
630
831
852
479
623
381
701
408
336
446
432
620
328
335
367
318
508
329
320
328
413
472
329
345
707
855
701
710
341
354
382
345
354
370
331
552
351
366
345
365
427
335
356
351
603
437
731
390
393
737
343
587
412
417
470
493
631
347
360
412
360
377
528
612
774
347
635
642
464
378
614
726
567
587
650
614
625
356
647
648
524
516
613
712
592
695
598
732
468
572
385
641
715
771
847
390
689
740
387
447
529
366
547
721
378
391
841
442
668
377
396
749
443
669
580
643
753
376
378
717
788
457
461
409
435
432
438
456
400
441
417
400
458
648
649
729
409
452
457
660
396
413
535
517
715
785
825
475
427
618
429
704
687
560
679
660
835
482
497
609
686
635
717
447
467
489
511
582
624
698
421
425
432
421
438
708
551
437
445
639
611
839
463
656
435
561
802
438
446
495
838
455
506
469
567
747
776
440
634
566
453
467
769
508
637
445
478
555
520
623
617
700
441
494
549
594
479
452
607
518
782
471
534
533
594
766
553
847
528
853
458
471
478
514
543
530
543
471
624
461
546
739
588
477
570
785
615
641
702
473
562
599
600
762
749
548
752
504
769
709
783
712
662
725
778
492
560
650
777
489
564
774
714
595
736
650
777
590
616
549
579
485
668
691
577
657
488
669
693
497
707
550
606
690
708
672
554
729
626
653
523
626
627
627
645
636
514
530
602
636
638
644
681
586
694
638
685
578
589
516
721
520
610
572
575
589
772
644
654
538
597
612
671
694
707
629
679
690
574
778
859
645
654
532
772
657
543
555
774
531
628
703
550
795
548
545
590
661
663
843
653
713
550
562
649
671
704
572
622
642
588
655
585
670
549
677
789
589
566
712
574
794
845
582
660
844
785
681
746
685
704
593
751
670
700
609
786
791
789
761
694
756
658
713
656
776
810
805
592
591
666
610
805
664
666
705
585
590
667
780
600
656
850
639
584
766
792
640
678
756
775
622
619
675
787
793
641
746
753
692
752
619
801
689
852
631
632
751
754
756
763
619
636
849
806
680
857
617
640
622
634
624
697
698
794
744
777
728
808
820
856
709
754
778
790
687
770
792
748
682
651
697
700
748
796
764
797
796
798
827
827
662
721
798
804
815
714
741
674
736
804
807
662
827
686
695
727
807
818
672
784
813
734
735
686
769
677
698
701
711
787
740
802
832
743
761
803
715
748
758
782
758
745
745
751
790
771
734
757
849
735
770
828
836
731
832
768
814
743
747
810
828
711
731
821
794
718
825
829
830
760
822
829
831
818
837
830
835
831
760
767
814
820
828
840
767
787
839
823
802
746
773
782
832
791
835
844
772
819
841
783
840
753
773
784
783
837
840
812
792
816
836
781
803
844
851
855
795
848
851
809
786
799
834
859
817
858
843
809
833
817
801
805
816
819
814
833
850
824
842
820
846
838
823
846
834
854
852
855
850
845
853
847
856
853
)


// ************************************************************************* //
