/*--------------------------------*- C++ -*----------------------------------*\
  =========                 |
  \\      /  F ield         | OpenFOAM: The Open Source CFD Toolbox
   \\    /   O peration     | Website:  https://openfoam.org
    \\  /    A nd           | Version:  10
     \\/     M anipulation  |
\*---------------------------------------------------------------------------*/
FoamFile
{
    format      ascii;
    class       vectorField;
    location    "constant/polyMesh";
    object      points;
}
// * * * * * * * * * * * * * * * * * * * * * * * * * * * * * * * * * * * * * //


950
(
(0 0 0)
(15 0 0)
(15 10 0)
(0 10 0)
(1.81699 4.31699 0)
(1.31699 5.18301 0)
(2.18301 5.68301 0)
(2.68301 4.81699 0)
(15 10 1)
(0 10 1)
(0 0 1)
(15 0 1)
(2.18301 5.68301 1)
(2.68301 4.81699 1)
(1.81699 4.31699 1)
(1.31699 5.18301 1)
(1 0 0)
(2 0 0)
(3 0 0)
(4 0 0)
(5 0 0)
(6 0 0)
(7 0 0)
(8 0 0)
(9 0 0)
(10 0 0)
(11 0 0)
(12 0 0)
(13 0 0)
(14 0 0)
(15 1 0)
(15 2 0)
(15 3 0)
(15 4 0)
(15 5 0)
(15 6 0)
(15 7 0)
(15 8 0)
(15 9 0)
(14 10 0)
(13 10 0)
(12 10 0)
(11 10 0)
(10 10 0)
(9 10 0)
(8 10 0)
(7 10 0)
(6 10 0)
(5 10 0)
(4 10 0)
(3 10 0)
(2 10 0)
(1 10 0)
(0 9 0)
(0 8 0)
(0 7 0)
(0 6 0)
(0 5 0)
(0 4 0)
(0 3 0)
(0 2 0)
(0 1 0)
(1.36699 5.09641 0)
(1.41699 5.00981 0)
(1.46699 4.92321 0)
(1.51699 4.8366 0)
(1.56699 4.75 0)
(1.61699 4.6634 0)
(1.66699 4.57679 0)
(1.71699 4.49019 0)
(1.76699 4.40359 0)
(1.90359 4.36699 0)
(1.99019 4.41699 0)
(2.07679 4.46699 0)
(2.1634 4.51699 0)
(2.25 4.56699 0)
(2.3366 4.61699 0)
(2.42321 4.66699 0)
(2.50981 4.71699 0)
(2.59641 4.76699 0)
(2.63301 4.90359 0)
(2.58301 4.99019 0)
(2.53301 5.07679 0)
(2.48301 5.1634 0)
(2.43301 5.25 0)
(2.38301 5.3366 0)
(2.33301 5.42321 0)
(2.28301 5.50981 0)
(2.23301 5.59641 0)
(2.09641 5.63301 0)
(2.00981 5.58301 0)
(1.92321 5.53301 0)
(1.8366 5.48301 0)
(1.75 5.43301 0)
(1.6634 5.38301 0)
(1.57679 5.33301 0)
(1.49019 5.28301 0)
(1.40359 5.23301 0)
(14 10 1)
(13 10 1)
(12 10 1)
(11 10 1)
(10 10 1)
(9 10 1)
(8 10 1)
(7 10 1)
(6 10 1)
(5 10 1)
(4 10 1)
(3 10 1)
(2 10 1)
(1 10 1)
(0 9 1)
(0 8 1)
(0 7 1)
(0 6 1)
(0 5 1)
(0 4 1)
(0 3 1)
(0 2 1)
(0 1 1)
(1 0 1)
(2 0 1)
(3 0 1)
(4 0 1)
(5 0 1)
(6 0 1)
(7 0 1)
(8 0 1)
(9 0 1)
(10 0 1)
(11 0 1)
(12 0 1)
(13 0 1)
(14 0 1)
(15 1 1)
(15 2 1)
(15 3 1)
(15 4 1)
(15 5 1)
(15 6 1)
(15 7 1)
(15 8 1)
(15 9 1)
(2.23301 5.59641 1)
(2.28301 5.50981 1)
(2.33301 5.42321 1)
(2.38301 5.3366 1)
(2.43301 5.25 1)
(2.48301 5.1634 1)
(2.53301 5.07679 1)
(2.58301 4.99019 1)
(2.63301 4.90359 1)
(2.59641 4.76699 1)
(2.50981 4.71699 1)
(2.42321 4.66699 1)
(2.3366 4.61699 1)
(2.25 4.56699 1)
(2.1634 4.51699 1)
(2.07679 4.46699 1)
(1.99019 4.41699 1)
(1.90359 4.36699 1)
(1.76699 4.40359 1)
(1.71699 4.49019 1)
(1.66699 4.57679 1)
(1.61699 4.6634 1)
(1.56699 4.75 1)
(1.51699 4.8366 1)
(1.46699 4.92321 1)
(1.41699 5.00981 1)
(1.36699 5.09641 1)
(1.40359 5.23301 1)
(1.49019 5.28301 1)
(1.57679 5.33301 1)
(1.6634 5.38301 1)
(1.75 5.43301 1)
(1.8366 5.48301 1)
(1.92321 5.53301 1)
(2.00981 5.58301 1)
(2.09641 5.63301 1)
(2.63462 5.07772 0)
(2.39902 5.53906 0)
(7.5 9.13397 0)
(2.51819 4.60949 0)
(2.07679 4.36699 0)
(6.5 0.866025 0)
(9.45333 0.941462 0)
(10.4342 9.16025 0)
(14.0214 4.58852 0)
(4.64136 9.25015 0)
(3.46274 0.839965 0)
(1.9278 5.66296 0)
(1.55341 5.45372 0)
(2.53768 9.19939 0)
(11.5082 0.842735 0)
(14.1468 6.55131 0)
(0.793467 2.5133 0)
(2.53301 5.25 0)
(2.33701 4.49464 0)
(1.64343 4.40296 0)
(1.51595 4.66341 0)
(1.33011 4.91735 0)
(14.1289 2.52164 0)
(12.5 9.13397 0)
(0.854427 7.49675 0)
(1.5 0.866025 0)
(13.4485 0.956501 0)
(14.1509 8.49859 0)
(0.560758 4.59739 0)
(0.738998 3.67533 0)
(1.04162 4.09145 0)
(0.558988 5.19747 0)
(0.916563 6.05069 0)
(3.32688 9.15485 0)
(4.02141 8.45644 0)
(2.8666 8.45959 0)
(3.51652 7.7317 0)
(2.16246 8.43641 0)
(2.60906 7.77885 0)
(1.97388 7.68179 0)
(2.34662 7.18505 0)
(2.8469 7.19389 0)
(2.6026 6.73785 0)
(3.04775 6.7865 0)
(2.88368 6.43598 0)
(3.24014 6.46085 0)
(3.08544 6.15052 0)
(3.44224 6.14092 0)
(3.62681 6.48128 0)
(3.84463 6.10974 0)
(4.06942 6.51435 0)
(4.30238 6.08834 0)
(4.00972 5.64775 0)
(4.52734 5.63846 0)
(4.26625 5.19504 0)
(4.7946 5.15715 0)
(5.11323 5.61403 0)
(5.41052 5.10227 0)
(4.47171 4.69262 0)
(5.76121 5.63088 0)
(6.07449 5.06112 0)
(6.45674 5.66206 0)
(6.81311 5.01575 0)
(7.22578 5.66228 0)
(7.60613 4.96487 0)
(8.04669 5.65887 0)
(8.45869 4.90742 0)
(8.92271 5.65464 0)
(9.34645 4.86312 0)
(9.82674 5.6378 0)
(3.26153 5.85426 0)
(10.258 4.82512 0)
(7.95563 4.06789 0)
(5.93941 6.31349 0)
(5.64692 4.51202 0)
(2.14832 6.71483 0)
(10.7442 5.61222 0)
(3.92794 4.7932 0)
(4.1533 4.26594 0)
(3.67484 4.3133 0)
(3.85783 3.84068 0)
(3.29994 3.97699 0)
(3.54747 3.42884 0)
(2.97768 3.51926 0)
(4.06926 3.32908 0)
(9.76532 4.04233 0)
(10.696 3.99892 0)
(8.48376 6.38437 0)
(2.78461 6.11041 0)
(3.24219 2.98716 0)
(2.71311 3.05142 0)
(10.3625 6.43165 0)
(11.2907 6.3928 0)
(4.5824 6.52937 0)
(11.6912 5.57579 0)
(2.50774 3.51857 0)
(3.46461 4.71178 0)
(2.93109 2.50732 0)
(3.52979 2.44854 0)
(10.1879 3.20297 0)
(11.1388 3.15891 0)
(2.22322 3.18102 0)
(1.93025 3.55571 0)
(4.30106 6.99722 0)
(4.8934 7.0318 0)
(9.26905 3.26578 0)
(12.2085 6.38509 0)
(11.7885 7.21113 0)
(2.3208 3.87869 0)
(11.6456 3.96111 0)
(12.1016 3.11608 0)
(12.6861 7.19064 0)
(10.6241 2.3607 0)
(12.605 5.53296 0)
(4.70741 4.17678 0)
(1.73271 3.17701 0)
(1.89596 2.66247 0)
(3.59882 5.09648 0)
(3.28847 5.04065 0)
(3.15445 4.79077 0)
(3.02062 5.02949 0)
(2.73591 4.90447 0)
(3.14658 5.26764 0)
(2.93128 5.26449 0)
(2.80691 4.81112 0)
(2.73271 4.71365 0)
(2.85179 4.6897 0)
(2.7726 4.55856 0)
(2.98943 4.59082 0)
(2.86416 4.3689 0)
(3.0257 5.47243 0)
(2.79925 5.44451 0)
(2.89422 5.65897 0)
(2.67912 5.65423 0)
(2.63776 4.39261 0)
(2.72506 4.1741 0)
(4.56125 7.53608 0)
(5.20739 7.58879 0)
(12.5756 3.94057 0)
(1.61049 3.63383 0)
(1.84443 7.02269 0)
(1.71899 6.5863 0)
(2.03428 6.31315 0)
(1.64482 6.19543 0)
(1.82127 3.91711 0)
(3.17782 1.94917 0)
(3.82422 1.89958 0)
(4.22359 2.45489 0)
(4.5312 1.85033 0)
(4.94665 2.43547 0)
(5.30819 1.77774 0)
(5.71808 2.43128 0)
(5.35514 3.05637 0)
(6.11499 3.09639 0)
(6.51801 2.40611 0)
(6.92939 3.08207 0)
(7.3522 2.38204 0)
(2.55203 2.01486 0)
(2.58721 5.46592 0)
(3.35203 7.17065 0)
(6.60385 3.71635 0)
(1.91024 5.9757 0)
(2.18547 6.05855 0)
(2.36251 6.23637 0)
(1.58954 5.85641 0)
(1.75052 5.53193 0)
(2.10673 5.74393 0)
(1.38151 8.18571 0)
(3.11632 4.33485 0)
(2.47205 4.21429 0)
(1.20843 3.22569 0)
(5.19971 6.50445 0)
(2.41887 6.03465 0)
(2.29288 5.68756 0)
(3.31341 5.53802 0)
(4.82906 8.12404 0)
(5.53556 8.17479 0)
(5.9527 7.59849 0)
(6.332 8.25194 0)
(6.74348 7.56497 0)
(2.22751 5.78141 0)
(2.37652 5.78988 0)
(7.77023 3.13623 0)
(8.16596 2.45748 0)
(7.83383 1.60743 0)
(4.48144 0.702734 0)
(1.2809 6.39473 0)
(2.57343 3.97569 0)
(2.22762 4.15942 0)
(1.91513 4.26047 0)
(1.80004 4.16049 0)
(1.93135 4.12203 0)
(1.59684 4.06903 0)
(2.67719 5.35034 0)
(2.52254 5.60739 0)
(2.54823 5.77446 0)
(13.1929 3.0472 0)
(12.5281 2.26162 0)
(2.82743 5.09213 0)
(2.85721 4.94044 0)
(2.45615 0.759484 0)
(5.51688 9.32058 0)
(2.86997 3.9204 0)
(0.781799 1.56738 0)
(5.49042 0.889471 0)
(8.67653 1.60614 0)
(2.75614 5.82967 0)
(12.2245 8.08704 0)
(11.2507 7.89719 0)
(1.49078 2.00199 0)
(1.70181 4.27044 0)
(1.55932 4.30829 0)
(1.51683 4.44771 0)
(6.50863 9.12227 0)
(8.47789 9.14494 0)
(8.01648 8.32345 0)
(8.95795 8.30954 0)
(8.45967 7.56602 0)
(9.37165 7.4967 0)
(9.47785 9.14798 0)
(9.87089 8.32501 0)
(2.0481 4.22229 0)
(2.59428 6.36235 0)
(2.62859 4.64841 0)
(13.2294 8.04652 0)
(7.10992 4.31057 0)
(2.06211 4.01859 0)
(0.936346 4.83888 0)
(10.5235 0.840709 0)
(2.98413 5.87996 0)
(12.4648 0.820442 0)
(14.1337 3.51357 0)
(14.1205 5.64805 0)
(14.1678 7.52819 0)
(11.4401 8.96214 0)
(1.48703 9.17596 0)
(10.2935 7.41607 0)
(9.71417 2.43405 0)
(11.5824 2.30964 0)
(5.73125 3.73712 0)
(13.2339 6.25301 0)
(11.196 4.78877 0)
(9.43445 6.53415 0)
(7.62987 6.33875 0)
(6.9393 1.64089 0)
(6.079 1.66859 0)
(7.15534 8.27838 0)
(7.58772 7.58676 0)
(8.86969 4.10929 0)
(3.21949 4.5722 0)
(12.1247 4.75469 0)
(6.82871 6.33565 0)
(2.45524 4.3984 0)
(7.39564 0.805775 0)
(3.95433 7.38179 0)
(1.34297 6.03589 0)
(1.28303 5.68219 0)
(1.40363 5.34961 0)
(0.734969 6.64461 0)
(4.67404 3.04239 0)
(14.2079 1.53542 0)
(13.5247 9.15784 0)
(2.49237 5.34391 0)
(2.58491 5.16449 0)
(2.69579 5.16551 0)
(2.43237 4.54648 0)
(2.30381 4.3644 0)
(2.25 4.46699 0)
(1.99019 4.31699 0)
(0.630352 3.08258 0)
(2.44343 5.43319 0)
(3.79116 6.88817 0)
(0.982446 5.17047 0)
(1.28812 5.05634 0)
(0.858047 5.58094 0)
(2.1634 4.41699 0)
(3.62646 5.78066 0)
(3.61171 5.4256 0)
(2.68301 4.99019 0)
(1.12879 5.43353 0)
(5.58768 7.00223 0)
(5.04934 4.62562 0)
(1.32505 6.92376 0)
(2.53843 4.49379 0)
(13.0289 4.70114 0)
(2.3236 5.60281 0)
(2.1661 4.30514 0)
(6.35833 6.9703 0)
(1.82089 5.76068 0)
(8.4722 0.758858 0)
(4.95294 3.59444 0)
(3.76323 2.9505 0)
(1.15544 4.9663 0)
(1.2669 4.72707 0)
(2.02718 5.68626 0)
(10.1293 1.65497 0)
(1.82084 5.6082 0)
(1.98597 5.78399 0)
(2.11836 5.87607 0)
(0.827551 8.897 0)
(1.52994 5.60835 0)
(1.65221 5.5146 0)
(1.42427 5.49719 0)
(13.402 2.0023 0)
(4.40246 3.70822 0)
(6.32992 4.39215 0)
(2.09161 1.50834 0)
(1.28356 5.30634 0)
(1.17261 5.20288 0)
(1.29654 5.41842 0)
(11.0722 1.61462 0)
(1.25813 3.83775 0)
(1.34629 4.29368 0)
(1.04832 4.47267 0)
(3.41158 6.75749 0)
(4.85668 6.07023 0)
(1.44094 4.73176 0)
(1.54926 4.56973 0)
(1.3773 4.56339 0)
(1.6187 4.49748 0)
(2.59187 5.96286 0)
(12.0237 1.57674 0)
(8.48946 3.37371 0)
(13.439 3.98897 0)
(1.49019 5.38301 0)
(7.17456 6.97785 0)
(2.84307 1.41933 0)
(3.3918 5.27368 0)
(3.07302 7.57149 0)
(1.69399 5.6467 0)
(3.10352 5.67937 0)
(1.41699 4.8366 0)
(2.96866 4.15124 0)
(2.49022 5.51362 0)
(5.23216 4.11128 0)
(2.41126 2.61109 0)
(4.19015 7.95753 0)
(2.29872 5.90454 0)
(1.37447 2.68916 0)
(2.06274 3.80575 0)
(0.65636 0.686682 0)
(8.94815 2.50322 0)
(2.95676 4.8113 0)
(2.35016 6.48414 0)
(8.02666 6.97702 0)
(4.9007 1.27587 0)
(13.4798 7.0727 0)
(0.612699 8.31589 0)
(7.29043 3.65569 0)
(14.2679 0.732051 0)
(14.2679 9.26795 0)
(2.58495 5.33772 0)
(3.89785 5.25763 0)
(2.41047 5.66686 0)
(10.9972 7.06977 0)
(1.47586 7.46214 0)
(5.91859 8.74484 0)
(2.39848 4.05702 0)
(8.85926 6.9862 0)
(2.7669 5.00056 0)
(13.3988 5.35776 0)
(5.41504 6.04672 0)
(2.62753 4.53525 0)
(4.04919 1.29921 0)
(9.3843 1.82797 0)
(12.7734 1.52352 0)
(2.63421 5.25014 0)
(5.10357 8.71649 0)
(2.06412 2.16049 0)
(3.08767 7.97221 0)
(2.55824 6.14131 0)
(3.36292 4.35292 0)
(2.72155 5.06522 0)
(3.47141 1.48145 0)
(2.77527 5.25705 0)
(0.693446 4.14909 0)
(3.50362 8.33196 0)
(4.20228 2.9303 0)
(4.46801 8.57731 0)
(2.2328 3.6165 0)
(2.64992 3.76252 0)
(2.46071 5.8884 0)
(3.99355 8.96178 0)
(10.6713 8.45656 0)
(0.542408 9.48752 0)
(2.63462 5.07772 1)
(2.39902 5.53906 1)
(7.5 9.13397 1)
(2.51819 4.60949 1)
(2.07679 4.36699 1)
(6.5 0.866025 1)
(9.45333 0.941462 1)
(10.4342 9.16025 1)
(14.0214 4.58852 1)
(4.64136 9.25015 1)
(3.46274 0.839965 1)
(1.9278 5.66296 1)
(1.55341 5.45372 1)
(2.53768 9.19939 1)
(11.5082 0.842735 1)
(14.1468 6.55131 1)
(0.793467 2.5133 1)
(2.53301 5.25 1)
(2.33701 4.49464 1)
(1.64343 4.40296 1)
(1.51595 4.66341 1)
(1.33011 4.91735 1)
(14.1289 2.52164 1)
(12.5 9.13397 1)
(0.854427 7.49675 1)
(1.5 0.866025 1)
(13.4485 0.956501 1)
(14.1509 8.49859 1)
(0.560758 4.59739 1)
(0.738998 3.67533 1)
(1.04162 4.09145 1)
(0.558988 5.19747 1)
(0.916563 6.05069 1)
(3.32688 9.15485 1)
(4.02141 8.45644 1)
(2.8666 8.45959 1)
(3.51652 7.7317 1)
(2.16246 8.43641 1)
(2.60906 7.77885 1)
(1.97388 7.68179 1)
(2.34662 7.18505 1)
(2.8469 7.19389 1)
(2.6026 6.73785 1)
(3.04775 6.7865 1)
(2.88368 6.43598 1)
(3.24014 6.46085 1)
(3.08544 6.15052 1)
(3.44224 6.14092 1)
(3.62681 6.48128 1)
(3.84463 6.10974 1)
(4.06942 6.51435 1)
(4.30238 6.08834 1)
(4.00972 5.64775 1)
(4.52734 5.63846 1)
(4.26625 5.19504 1)
(4.7946 5.15715 1)
(5.11323 5.61403 1)
(5.41052 5.10227 1)
(4.47171 4.69262 1)
(5.76121 5.63088 1)
(6.07449 5.06112 1)
(6.45674 5.66206 1)
(6.81311 5.01575 1)
(7.22578 5.66228 1)
(7.60613 4.96487 1)
(8.04669 5.65887 1)
(8.45869 4.90742 1)
(8.92271 5.65464 1)
(9.34645 4.86312 1)
(9.82674 5.6378 1)
(3.26153 5.85426 1)
(10.258 4.82512 1)
(7.95563 4.06789 1)
(5.93941 6.31349 1)
(5.64692 4.51202 1)
(2.14832 6.71483 1)
(10.7442 5.61222 1)
(3.92794 4.7932 1)
(4.1533 4.26594 1)
(3.67484 4.3133 1)
(3.85783 3.84068 1)
(3.29994 3.97699 1)
(3.54747 3.42884 1)
(2.97768 3.51926 1)
(4.06926 3.32908 1)
(9.76532 4.04233 1)
(10.696 3.99892 1)
(8.48376 6.38437 1)
(2.78461 6.11041 1)
(3.24219 2.98716 1)
(2.71311 3.05142 1)
(10.3625 6.43165 1)
(11.2907 6.3928 1)
(4.5824 6.52937 1)
(11.6912 5.57579 1)
(2.50774 3.51857 1)
(3.46461 4.71178 1)
(2.93109 2.50732 1)
(3.52979 2.44854 1)
(10.1879 3.20297 1)
(11.1388 3.15891 1)
(2.22322 3.18102 1)
(1.93025 3.55571 1)
(4.30106 6.99722 1)
(4.8934 7.0318 1)
(9.26905 3.26578 1)
(12.2085 6.38509 1)
(11.7885 7.21113 1)
(2.3208 3.87869 1)
(11.6456 3.96111 1)
(12.1016 3.11608 1)
(12.6861 7.19064 1)
(10.6241 2.3607 1)
(12.605 5.53296 1)
(4.70741 4.17678 1)
(1.73271 3.17701 1)
(1.89596 2.66247 1)
(3.59882 5.09648 1)
(3.28847 5.04065 1)
(3.15445 4.79077 1)
(3.02062 5.02949 1)
(2.73591 4.90447 1)
(3.14658 5.26764 1)
(2.93128 5.26449 1)
(2.80691 4.81112 1)
(2.73271 4.71365 1)
(2.85179 4.6897 1)
(2.7726 4.55856 1)
(2.98943 4.59082 1)
(2.86416 4.3689 1)
(3.0257 5.47243 1)
(2.79925 5.44451 1)
(2.89422 5.65897 1)
(2.67912 5.65423 1)
(2.63776 4.39261 1)
(2.72506 4.1741 1)
(4.56125 7.53608 1)
(5.20739 7.58879 1)
(12.5756 3.94057 1)
(1.61049 3.63383 1)
(1.84443 7.02269 1)
(1.71899 6.5863 1)
(2.03428 6.31315 1)
(1.64482 6.19543 1)
(1.82127 3.91711 1)
(3.17782 1.94917 1)
(3.82422 1.89958 1)
(4.22359 2.45489 1)
(4.5312 1.85033 1)
(4.94665 2.43547 1)
(5.30819 1.77774 1)
(5.71808 2.43128 1)
(5.35514 3.05637 1)
(6.11499 3.09639 1)
(6.51801 2.40611 1)
(6.92939 3.08207 1)
(7.3522 2.38204 1)
(2.55203 2.01486 1)
(2.58721 5.46592 1)
(3.35203 7.17065 1)
(6.60385 3.71635 1)
(1.91024 5.9757 1)
(2.18547 6.05855 1)
(2.36251 6.23637 1)
(1.58954 5.85641 1)
(1.75052 5.53193 1)
(2.10673 5.74393 1)
(1.38151 8.18571 1)
(3.11632 4.33485 1)
(2.47205 4.21429 1)
(1.20843 3.22569 1)
(5.19971 6.50445 1)
(2.41887 6.03465 1)
(2.29288 5.68756 1)
(3.31341 5.53802 1)
(4.82906 8.12404 1)
(5.53556 8.17479 1)
(5.9527 7.59849 1)
(6.332 8.25194 1)
(6.74348 7.56497 1)
(2.22751 5.78141 1)
(2.37652 5.78988 1)
(7.77023 3.13623 1)
(8.16596 2.45748 1)
(7.83383 1.60743 1)
(4.48144 0.702734 1)
(1.2809 6.39473 1)
(2.57343 3.97569 1)
(2.22762 4.15942 1)
(1.91513 4.26047 1)
(1.80004 4.16049 1)
(1.93135 4.12203 1)
(1.59684 4.06903 1)
(2.67719 5.35034 1)
(2.52254 5.60739 1)
(2.54823 5.77446 1)
(13.1929 3.0472 1)
(12.5281 2.26162 1)
(2.82743 5.09213 1)
(2.85721 4.94044 1)
(2.45615 0.759484 1)
(5.51688 9.32058 1)
(2.86997 3.9204 1)
(0.781799 1.56738 1)
(5.49042 0.889471 1)
(8.67653 1.60614 1)
(2.75614 5.82967 1)
(12.2245 8.08704 1)
(11.2507 7.89719 1)
(1.49078 2.00199 1)
(1.70181 4.27044 1)
(1.55932 4.30829 1)
(1.51683 4.44771 1)
(6.50863 9.12227 1)
(8.47789 9.14494 1)
(8.01648 8.32345 1)
(8.95795 8.30954 1)
(8.45967 7.56602 1)
(9.37165 7.4967 1)
(9.47785 9.14798 1)
(9.87089 8.32501 1)
(2.0481 4.22229 1)
(2.59428 6.36235 1)
(2.62859 4.64841 1)
(13.2294 8.04652 1)
(7.10992 4.31057 1)
(2.06211 4.01859 1)
(0.936346 4.83888 1)
(10.5235 0.840709 1)
(2.98413 5.87996 1)
(12.4648 0.820442 1)
(14.1337 3.51357 1)
(14.1205 5.64805 1)
(14.1678 7.52819 1)
(11.4401 8.96214 1)
(1.48703 9.17596 1)
(10.2935 7.41607 1)
(9.71417 2.43405 1)
(11.5824 2.30964 1)
(5.73125 3.73712 1)
(13.2339 6.25301 1)
(11.196 4.78877 1)
(9.43445 6.53415 1)
(7.62987 6.33875 1)
(6.9393 1.64089 1)
(6.079 1.66859 1)
(7.15534 8.27838 1)
(7.58772 7.58676 1)
(8.86969 4.10929 1)
(3.21949 4.5722 1)
(12.1247 4.75469 1)
(6.82871 6.33565 1)
(2.45524 4.3984 1)
(7.39564 0.805775 1)
(3.95433 7.38179 1)
(1.34297 6.03589 1)
(1.28303 5.68219 1)
(1.40363 5.34961 1)
(0.734969 6.64461 1)
(4.67404 3.04239 1)
(14.2079 1.53542 1)
(13.5247 9.15784 1)
(2.49237 5.34391 1)
(2.58491 5.16449 1)
(2.69579 5.16551 1)
(2.43237 4.54648 1)
(2.30381 4.3644 1)
(2.25 4.46699 1)
(1.99019 4.31699 1)
(0.630352 3.08258 1)
(2.44343 5.43319 1)
(3.79116 6.88817 1)
(0.982446 5.17047 1)
(1.28812 5.05634 1)
(0.858047 5.58094 1)
(2.1634 4.41699 1)
(3.62646 5.78066 1)
(3.61171 5.4256 1)
(2.68301 4.99019 1)
(1.12879 5.43353 1)
(5.58768 7.00223 1)
(5.04934 4.62562 1)
(1.32505 6.92376 1)
(2.53843 4.49379 1)
(13.0289 4.70114 1)
(2.3236 5.60281 1)
(2.1661 4.30514 1)
(6.35833 6.9703 1)
(1.82089 5.76068 1)
(8.4722 0.758858 1)
(4.95294 3.59444 1)
(3.76323 2.9505 1)
(1.15544 4.9663 1)
(1.2669 4.72707 1)
(2.02718 5.68626 1)
(10.1293 1.65497 1)
(1.82084 5.6082 1)
(1.98597 5.78399 1)
(2.11836 5.87607 1)
(0.827551 8.897 1)
(1.52994 5.60835 1)
(1.65221 5.5146 1)
(1.42427 5.49719 1)
(13.402 2.0023 1)
(4.40246 3.70822 1)
(6.32992 4.39215 1)
(2.09161 1.50834 1)
(1.28356 5.30634 1)
(1.17261 5.20288 1)
(1.29654 5.41842 1)
(11.0722 1.61462 1)
(1.25813 3.83775 1)
(1.34629 4.29368 1)
(1.04832 4.47267 1)
(3.41158 6.75749 1)
(4.85668 6.07023 1)
(1.44094 4.73176 1)
(1.54926 4.56973 1)
(1.3773 4.56339 1)
(1.6187 4.49748 1)
(2.59187 5.96286 1)
(12.0237 1.57674 1)
(8.48946 3.37371 1)
(13.439 3.98897 1)
(1.49019 5.38301 1)
(7.17456 6.97785 1)
(2.84307 1.41933 1)
(3.3918 5.27368 1)
(3.07302 7.57149 1)
(1.69399 5.6467 1)
(3.10352 5.67937 1)
(1.41699 4.8366 1)
(2.96866 4.15124 1)
(2.49022 5.51362 1)
(5.23216 4.11128 1)
(2.41126 2.61109 1)
(4.19015 7.95753 1)
(2.29872 5.90454 1)
(1.37447 2.68916 1)
(2.06274 3.80575 1)
(0.65636 0.686682 1)
(8.94815 2.50322 1)
(2.95676 4.8113 1)
(2.35016 6.48414 1)
(8.02666 6.97702 1)
(4.9007 1.27587 1)
(13.4798 7.0727 1)
(0.612699 8.31589 1)
(7.29043 3.65569 1)
(14.2679 0.732051 1)
(14.2679 9.26795 1)
(2.58495 5.33772 1)
(3.89785 5.25763 1)
(2.41047 5.66686 1)
(10.9972 7.06977 1)
(1.47586 7.46214 1)
(5.91859 8.74484 1)
(2.39848 4.05702 1)
(8.85926 6.9862 1)
(2.7669 5.00056 1)
(13.3988 5.35776 1)
(5.41504 6.04672 1)
(2.62753 4.53525 1)
(4.04919 1.29921 1)
(9.3843 1.82797 1)
(12.7734 1.52352 1)
(2.63421 5.25014 1)
(5.10357 8.71649 1)
(2.06412 2.16049 1)
(3.08767 7.97221 1)
(2.55824 6.14131 1)
(3.36292 4.35292 1)
(2.72155 5.06522 1)
(3.47141 1.48145 1)
(2.77527 5.25705 1)
(0.693446 4.14909 1)
(3.50362 8.33196 1)
(4.20228 2.9303 1)
(4.46801 8.57731 1)
(2.2328 3.6165 1)
(2.64992 3.76252 1)
(2.46071 5.8884 1)
(3.99355 8.96178 1)
(10.6713 8.45656 1)
(0.542408 9.48752 1)
)


// ************************************************************************* //
